52.000000000000	3.5719273640475
52.020000000000	3.5702460466793
52.040000000000	3.5685777415479
52.060000000000	3.5669221663787
52.080000000000	3.5652790403877
52.100000000000	3.5636480840621
52.120000000000	3.5620290188517
52.140000000000	3.5604215667489
52.160000000000	3.5588254497231
52.180000000000	3.5572403889822
52.200000000000	3.5556661040380
52.220000000000	3.5541023115850
52.240000000000	3.5525487242732
52.260000000000	3.5510050495974
52.280000000000	3.5494709893824
52.300000000000	3.5479462407448
52.320000000000	3.5464304999376
52.340000000000	3.5449234709502
52.360000000000	3.5434248806477
52.380000000000	3.5419345007287
52.400000000000	3.5404521729945
52.420000000000	3.5389778286910
52.440000000000	3.5375114881610
52.460000000000	3.5360532295115
52.480000000000	3.5346031281255
52.500000000000	3.5331611871437
52.520000000000	3.5317272883802
52.540000000000	3.5303011836515
52.560000000000	3.5288825246587
52.580000000000	3.5274709122705
52.600000000000	3.5260659435441
52.620000000000	3.5246672436404
52.640000000000	3.5232744804604
52.660000000000	3.5218873662539
52.680000000000	3.5205056520123
52.700000000000	3.5191291192785
52.720000000000	3.5177575721185
52.740000000000	3.5163908304676
52.760000000000	3.5150287251328
52.780000000000	3.5136710942833
52.800000000000	3.5123177811159
52.820000000000	3.5109686323755
52.840000000000	3.5096234974695
52.860000000000	3.5082822279780
52.880000000000	3.5069446774214
52.900000000000	3.5056107011904
52.920000000000	3.5042801565764
52.940000000000	3.5029529028615
52.960000000000	3.5016288014425
52.980000000000	3.5003077159715
53.000000000000	3.4989895125015
53.020000000000	3.4976740596308
53.040000000000	3.4963612286386
53.060000000000	3.4950508936096
53.080000000000	3.4937429315437
53.100000000000	3.4924372224494
53.120000000000	3.4911336494186
53.140000000000	3.4898320986845
53.160000000000	3.4885324596605
53.180000000000	3.4872346249629
53.200000000000	3.4859384904177
53.220000000000	3.4846439550537
53.240000000000	3.4833509210847
53.260000000000	3.4820592938814
53.280000000000	3.4807689819366
53.300000000000	3.4794798968246
53.320000000000	3.4781919531576
53.340000000000	3.4769050685396
53.360000000000	3.4756191635196
53.380000000000	3.4743341615453
53.400000000000	3.4730499889167
53.420000000000	3.4717665747422
53.440000000000	3.4704838508951
53.460000000000	3.4692017519725
53.480000000000	3.4679202152548
53.500000000000	3.4666391806679
53.520000000000	3.4653585907455
53.540000000000	3.4640783905929
53.560000000000	3.4627985278519
53.580000000000	3.4615189526656
53.600000000000	3.4602396176439
53.620000000000	3.4589604778298
53.640000000000	3.4576814906644
53.660000000000	3.4564026159529
53.680000000000	3.4551238158300
53.700000000000	3.4538450547251
53.720000000000	3.4525662993265
53.740000000000	3.4512875185461
53.760000000000	3.4500086834832
53.780000000000	3.4487297673875
53.800000000000	3.4474507456221
53.820000000000	3.4461715956259
53.840000000000	3.4448922968754
53.860000000000	3.4436128308463
53.880000000000	3.4423331809740
53.900000000000	3.4410533326151
53.920000000000	3.4397732730068
53.940000000000	3.4384929912275
53.960000000000	3.4372124781558
53.980000000000	3.4359317264306
54.000000000000	3.4346507304096
54.020000000000	3.4333694861285
54.040000000000	3.4320879912598
54.060000000000	3.4308062450714
54.080000000000	3.4295242483849
54.100000000000	3.4282420035343
54.120000000000	3.4269595143245
54.140000000000	3.4256767859890
54.160000000000	3.4243938251489
54.180000000000	3.4231106397711
54.200000000000	3.4218272391267
54.220000000000	3.4205436337492
54.240000000000	3.4192598353936
54.260000000000	3.4179758569947
54.280000000000	3.4166917126261
54.300000000000	3.4154074174593
54.320000000000	3.4141229877226
54.340000000000	3.4128384406606
54.360000000000	3.4115537944939
54.380000000000	3.4102690683785
54.400000000000	3.4089842823665
54.420000000000	3.4076994573657
54.440000000000	3.4064146151007
54.460000000000	3.4051297780737
54.480000000000	3.4038449695254
54.500000000000	3.4025602133969
54.520000000000	3.4012755342912
54.540000000000	3.3999909574358
54.560000000000	3.3987065086448
54.580000000000	3.3974222142825
54.600000000000	3.3961381012258
54.620000000000	3.3948541968290
54.640000000000	3.3935705288871
54.660000000000	3.3922871256007
54.680000000000	3.3910040155413
54.700000000000	3.3897212276161
54.720000000000	3.3884387910345
54.740000000000	3.3871567352740
54.760000000000	3.3858750900475
54.780000000000	3.3845938852703
54.800000000000	3.3833131510280
54.820000000000	3.3820329175448
54.840000000000	3.3807532151523
54.860000000000	3.3794740742592
54.880000000000	3.3781955253204
54.900000000000	3.3769175988083
54.920000000000	3.3756403251828
54.940000000000	3.3743637348635
54.960000000000	3.3730878582016
54.980000000000	3.3718127254519
55.000000000000	3.3705383667469
55.020000000000	3.3692648120695
55.040000000000	3.3679920912281
55.060000000000	3.3667202338308
55.080000000000	3.3654492692613
55.100000000000	3.3641792266548
55.120000000000	3.3629101348745
55.140000000000	3.3616420224889
55.160000000000	3.3603749177494
55.180000000000	3.3591088485691
55.200000000000	3.3578438425015
55.220000000000	3.3565799267204
55.240000000000	3.3553171279996
55.260000000000	3.3540554726946
55.280000000000	3.3527949867232
55.300000000000	3.3515356955483
55.320000000000	3.3502776241602
55.340000000000	3.3490207970601
55.360000000000	3.3477652382442
55.380000000000	3.3465109711883
55.400000000000	3.3452580188328
55.420000000000	3.3440064035691
55.440000000000	3.3427561472257
55.460000000000	3.3415072710559
55.480000000000	3.3402597957252
55.500000000000	3.3390137413001
55.520000000000	3.3377691272373
55.540000000000	3.3365259723732
55.560000000000	3.3352842949151
55.580000000000	3.3340441124317
55.600000000000	3.3328054418452
55.620000000000	3.3315682994238
55.640000000000	3.3303327007749
55.660000000000	3.3290986608391
55.680000000000	3.3278661938842
55.700000000000	3.3266353135009
55.720000000000	3.3254060325981
55.740000000000	3.3241783633998
55.760000000000	3.3229523174419
55.780000000000	3.3217279055699
55.800000000000	3.3205051379370
55.820000000000	3.3192840240033
55.840000000000	3.3180645725346
55.860000000000	3.3168467916030
55.880000000000	3.3156306885861
55.900000000000	3.3144162701687
55.920000000000	3.3132035423433
55.940000000000	3.3119925104114
55.960000000000	3.3107831789849
55.980000000000	3.3095755519882
56.000000000000	3.3083696326592
56.020000000000	3.3071654235513
56.040000000000	3.3059629265346
56.060000000000	3.3047621427974
56.080000000000	3.3035630728467
56.100000000000	3.3023657165089
56.120000000000	3.3011700729297
56.140000000000	3.2999761405736
56.160000000000	3.2987839172226
56.180000000000	3.2975933999747
56.200000000000	3.2964045852416
56.220000000000	3.2952174687459
56.240000000000	3.2940320455186
56.260000000000	3.2928483098950
56.280000000000	3.2916662555126
56.300000000000	3.2904858753075
56.320000000000	3.2893071615127
56.340000000000	3.2881301056566
56.360000000000	3.2869546985633
56.380000000000	3.2857809303545
56.400000000000	3.2846087904531
56.420000000000	3.2834382675898
56.440000000000	3.2822693498122
56.460000000000	3.2811020244965
56.480000000000	3.2799362783633
56.500000000000	3.2787720974950
56.520000000000	3.2776094673581
56.540000000000	3.2764483728270
56.560000000000	3.2752887982115
56.580000000000	3.2741307272863
56.600000000000	3.2729741433226
56.620000000000	3.2718190291212
56.640000000000	3.2706653670471
56.660000000000	3.2695131390645
56.680000000000	3.2683623267716
56.700000000000	3.2672129114368
56.720000000000	3.2660648740329
56.740000000000	3.2649181952718
56.760000000000	3.2637728556385
56.780000000000	3.2626288354235
56.800000000000	3.2614861147554
56.820000000000	3.2603446736316
56.840000000000	3.2592044919477
56.860000000000	3.2580655495237
56.880000000000	3.2569278261262
56.900000000000	3.2557913014832
56.920000000000	3.2546559552863
56.940000000000	3.2535217671757
56.960000000000	3.2523887166992
56.980000000000	3.2512567832345
57.000000000000	3.2501259458687
57.020000000000	3.2489961832266
57.040000000000	3.2478674732520
57.060000000000	3.2467397929586
57.080000000000	3.2456131181849
57.100000000000	3.2444874234112
57.120000000000	3.2433626817018
57.140000000000	3.2422388648372
57.160000000000	3.2411159436624
57.180000000000	3.2399938886324
57.200000000000	3.2388726704695
57.220000000000	3.2377522608137
57.240000000000	3.2366326327371
57.260000000000	3.2355137610338
57.280000000000	3.2343956222575
57.300000000000	3.2332781945407
57.320000000000	3.2321614572720
57.340000000000	3.2310453907188
57.360000000000	3.2299299756672
57.380000000000	3.2288151931283
57.400000000000	3.2277010241285
57.420000000000	3.2265874495823
57.440000000000	3.2254744502340
57.460000000000	3.2243620066481
57.480000000000	3.2232500992325
57.500000000000	3.2221387082790
57.520000000000	3.2210278140121
57.540000000000	3.2199173966392
57.560000000000	3.2188074363998
57.580000000000	3.2176979136111
57.600000000000	3.2165888087100
57.620000000000	3.2154801022917
57.640000000000	3.2143717751445
57.660000000000	3.2132638082816
57.680000000000	3.2121561829701
57.700000000000	3.2110488807571
57.720000000000	3.2099418834932
57.740000000000	3.2088351733544
57.760000000000	3.2077287328615
57.780000000000	3.2066225448975
57.800000000000	3.2055165927242
57.820000000000	3.2044108599967
57.840000000000	3.2033053307766
57.860000000000	3.2021999895447
57.880000000000	3.2010948212122
57.900000000000	3.1999898111311
57.920000000000	3.1988849451040
57.940000000000	3.1977802093932
57.960000000000	3.1966755907288
57.980000000000	3.1955710763171
58.000000000000	3.1944666538470
58.020000000000	3.1933623114978
58.040000000000	3.1922580379446
58.060000000000	3.1911538223649
58.080000000000	3.1900496544438
58.100000000000	3.1889455243788
58.120000000000	3.1878414228848
58.140000000000	3.1867373411982
58.160000000000	3.1856332710808
58.180000000000	3.1845292048229
58.200000000000	3.1834251352469
58.220000000000	3.1823210557097
58.240000000000	3.1812169601048
58.260000000000	3.1801128428647
58.280000000000	3.1790086989619
58.300000000000	3.1779045239104
58.320000000000	3.1768003137660
58.340000000000	3.1756960651273
58.360000000000	3.1745917751351
58.380000000000	3.1734874414724
58.400000000000	3.1723830623630
58.420000000000	3.1712786365710
58.440000000000	3.1701741633988
58.460000000000	3.1690696426853
58.480000000000	3.1679650748033
58.500000000000	3.1668604606572
58.520000000000	3.1657558016793
58.540000000000	3.1646510998268
58.560000000000	3.1635463575776
58.580000000000	3.1624415779261
58.600000000000	3.1613367643789
58.620000000000	3.1602319209490
58.640000000000	3.1591270521510
58.660000000000	3.1580221629955
58.680000000000	3.1569172589823
58.700000000000	3.1558123460944
58.720000000000	3.1547074307909
58.740000000000	3.1536025200001
58.760000000000	3.1524976211115
58.780000000000	3.1513927419683
58.800000000000	3.1502878908586
58.820000000000	3.1491830765076
58.840000000000	3.1480783080677
58.860000000000	3.1469735951101
58.880000000000	3.1458689476147
58.900000000000	3.1447643759602
58.920000000000	3.1436598909140
58.940000000000	3.1425555036217
58.960000000000	3.1414512255963
58.980000000000	3.1403470687066
59.000000000000	3.1392430451666
59.020000000000	3.1381391675228
59.040000000000	3.1370354486430
59.060000000000	3.1359319017037
59.080000000000	3.1348285401777
59.100000000000	3.1337253778209
59.120000000000	3.1326224286601
59.140000000000	3.1315197069789
59.160000000000	3.1304172273046
59.180000000000	3.1293150043944
59.200000000000	3.1282130532215
59.220000000000	3.1271113889608
59.240000000000	3.1260100269748
59.260000000000	3.1249089827988
59.280000000000	3.1238082721263
59.300000000000	3.1227079107940
59.320000000000	3.1216079147669
59.340000000000	3.1205083001231
59.360000000000	3.1194090830380
59.380000000000	3.1183102797695
59.400000000000	3.1172119066418
59.420000000000	3.1161139800298
59.440000000000	3.1150165163435
59.460000000000	3.1139195320118
59.480000000000	3.1128230434666
59.500000000000	3.1117270671266
59.520000000000	3.1106316193814
59.540000000000	3.1095367165747
59.560000000000	3.1084423749890
59.580000000000	3.1073486108283
59.600000000000	3.1062554402027
59.620000000000	3.1051628791112
59.640000000000	3.1040709434265
59.660000000000	3.1029796488775
59.680000000000	3.1018890110343
59.700000000000	3.1007990452909
59.720000000000	3.0997097668498
59.740000000000	3.0986211907057
59.760000000000	3.0975333316294
59.780000000000	3.0964462041521
59.800000000000	3.0953598225495
59.820000000000	3.0942742008262
59.840000000000	3.0931893527003
59.860000000000	3.0921052915877
59.880000000000	3.0910220305872
59.900000000000	3.0899395824655
59.920000000000	3.0888579596421
59.940000000000	3.0877771741749
59.960000000000	3.0866972377460
59.980000000000	3.0856181616470
60.000000000000	3.0845399567656
60.020000000000	3.0834626335717
60.040000000000	3.0823862021043
60.060000000000	3.0813106719579
60.080000000000	3.0802360522703
60.100000000000	3.0791623517099
60.120000000000	3.0780895784635
60.140000000000	3.0770177402242
60.160000000000	3.0759468441806
60.180000000000	3.0748768970049
60.200000000000	3.0738079048424
60.220000000000	3.0727398733007
60.240000000000	3.0716728074395
60.260000000000	3.0706067117608
60.280000000000	3.0695415901989
60.300000000000	3.0684774461108
60.320000000000	3.0674142822673
60.340000000000	3.0663521008437
60.360000000000	3.0652909034107
60.380000000000	3.0642306909256
60.400000000000	3.0631714637238
60.420000000000	3.0621132215098
60.440000000000	3.0610559633489
60.460000000000	3.0599996876584
60.480000000000	3.0589443922000
60.500000000000	3.0578900740710
60.520000000000	3.0568367296969
60.540000000000	3.0557843548250
60.560000000000	3.0547329445171
60.580000000000	3.0536824931452
60.600000000000	3.0526329943876
60.620000000000	3.0515844412271
60.640000000000	3.0505368259513
60.660000000000	3.0494901401559
60.680000000000	3.0484443747508
60.700000000000	3.0473995199700
60.720000000000	3.0463555653845
60.740000000000	3.0453124999198
60.760000000000	3.0442703118771
60.780000000000	3.0432289889581
60.800000000000	3.0421885182934
60.820000000000	3.0411488864740
60.840000000000	3.0401100795861
60.860000000000	3.0390720832471
60.880000000000	3.0380348826449
60.900000000000	3.0369984625770
60.920000000000	3.0359628074930
60.940000000000	3.0349279015364
60.960000000000	3.0338937285905
60.980000000000	3.0328602723245
61.000000000000	3.0318275162445
61.020000000000	3.0307954437477
61.040000000000	3.0297640381827
61.060000000000	3.0287332829166
61.080000000000	3.0277031614106
61.100000000000	3.0266736573055
61.120000000000	3.0256447545201
61.140000000000	3.0246164373621
61.160000000000	3.0235886906555
61.180000000000	3.0225614998857
61.200000000000	3.0215348513646
61.220000000000	3.0205087324183
61.240000000000	3.0194831316001
61.260000000000	3.0184580389319
61.280000000000	3.0174334461780
61.300000000000	3.0164093471542
61.320000000000	3.0153857380782
61.340000000000	3.0143626179652
61.360000000000	3.0133399890757
61.380000000000	3.0123178574205
61.400000000000	3.0112962333328
61.420000000000	3.0102751321127
61.440000000000	3.0092545747564
61.460000000000	3.0082345887778
61.480000000000	3.0072152091354
61.500000000000	3.0061964792767
61.520000000000	3.0051784523122
61.540000000000	3.0041611923355
61.560000000000	3.0031447759032
61.580000000000	3.0021292936924
61.600000000000	3.0011148523530
61.620000000000	3.0001015765747
61.640000000000	2.9990896113879
61.660000000000	2.9980791247230
61.680000000000	2.9970703102431
61.700000000000	2.9960633904522
61.720000000000	2.9950586199864
61.740000000000	2.9940562886691
61.760000000000	2.9930567226349
61.780000000000	2.9920602765988
61.800000000000	2.9910672844092
61.820000000000	2.9900777264386
61.840000000000	2.9890867416126
61.860000000000	2.9880593318490
61.880000000000	2.9870818502594
61.900000000000	2.9861269261826
61.920000000000	2.9851717444483
61.940000000000	2.9842185957512
61.960000000000	2.9832705787890
61.980000000000	2.9823289951941
62.000000000000	2.9813945020239
62.020000000000	2.9804674166612
62.040000000000	2.9795477756479
62.060000000000	2.9786353335525
62.080000000000	2.9777295432346
62.100000000000	2.9768295351203
62.120000000000	2.9759341070216
62.140000000000	2.9750417336402
62.160000000000	2.9741506028888
62.180000000000	2.9732586832706
62.200000000000	2.9723638223382
62.220000000000	2.9714638708930
62.240000000000	2.9705568219150
62.260000000000	2.9696409485324
62.280000000000	2.9687149230889
62.300000000000	2.9677779006200
62.320000000000	2.9668295549976
62.340000000000	2.9658700637193
62.360000000000	2.9649000459468
62.380000000000	2.9639204657578
62.400000000000	2.9629325169279
62.420000000000	2.9619375061648
62.440000000000	2.9609367489928
62.460000000000	2.9599314876712
62.480000000000	2.9589228351520
62.500000000000	2.9579117444149
62.520000000000	2.9568989993043
62.540000000000	2.9558852213926
62.560000000000	2.9548708871702
62.580000000000	2.9538563505476
62.600000000000	2.9528418668061
62.620000000000	2.9518276153671
62.640000000000	2.9508137198516
62.660000000000	2.9498002647536
62.680000000000	2.9487873086454
62.700000000000	2.9477748941864
62.720000000000	2.9467630553938
62.740000000000	2.9457518226871
62.760000000000	2.9447412262051
62.780000000000	2.9437312978296
62.800000000000	2.9427220722827
62.820000000000	2.9417135875820
62.840000000000	2.9407058850738
62.860000000000	2.9396990092038
62.880000000000	2.9386930071379
62.900000000000	2.9376879283104
62.920000000000	2.9366838239481
62.940000000000	2.9356807465994
62.960000000000	2.9346787496827
62.980000000000	2.9336778870601
63.000000000000	2.9326782126333
63.020000000000	2.9316797799546
63.040000000000	2.9306826418442
63.060000000000	2.9296868499999
63.080000000000	2.9286924545868
63.100000000000	2.9276995037879
63.120000000000	2.9267080433006
63.140000000000	2.9257181157558
63.160000000000	2.9247297600382
63.180000000000	2.9237430104785
63.200000000000	2.9227578958881
63.220000000000	2.9217744383974
63.240000000000	2.9207926520543
63.260000000000	2.9198125411302
63.280000000000	2.9188340980726
63.300000000000	2.9178573010307
63.320000000000	2.9168821108682
63.340000000000	2.9159084675615
63.360000000000	2.9149362858567
63.380000000000	2.9139654500055
63.400000000000	2.9129958072842
63.420000000000	2.9120271597140
63.440000000000	2.9110592528473
63.460000000000	2.9100917597962
63.480000000000	2.9091242590887
63.500000000000	2.9081562089447
63.520000000000	2.9071869268255
63.540000000000	2.9062155806448
63.560000000000	2.9052411838901
63.580000000000	2.9042625837553
63.600000000000	2.9032784480444
63.620000000000	2.9022872708600
63.640000000000	2.9012874203957
63.660000000000	2.9002772552798
63.680000000000	2.8992553437006
63.700000000000	2.8982208268096
63.720000000000	2.8971739643846
63.740000000000	2.8961168715738
63.760000000000	2.8950543836286
63.780000000000	2.8939948643636
63.800000000000	2.8929506344993
63.820000000000	2.8919376310543
63.840000000000	2.8909740493884
63.860000000000	2.8900781141223
63.880000000000	2.8892655818599
63.900000000000	2.8885476695782
63.920000000000	2.8879294469791
63.940000000000	2.8874072534088
63.960000000000	2.8869614719209
63.980000000000	2.8865383081529
64.000000000000	2.8860149235908
64.020000000000	2.8851652515548
64.040000000000	2.8837195925619
64.060000000000	2.8816292066313
64.080000000000	2.8792714877481
64.100000000000	2.8771390921258
64.120000000000	2.8754363408584
64.140000000000	2.8741073798981
64.160000000000	2.8730258319622
64.180000000000	2.8720886369160
64.200000000000	2.8712299982702
64.220000000000	2.8704116219650
64.240000000000	2.8696120460284
64.260000000000	2.8688194621944
64.280000000000	2.8680274839240
64.300000000000	2.8672327574502
64.320000000000	2.8664336268269
64.340000000000	2.8656293853949
64.360000000000	2.8648198525851
64.380000000000	2.8640051326015
64.400000000000	2.8631854759867
64.420000000000	2.8623612001204
64.440000000000	2.8615326438660
64.460000000000	2.8607001421864
64.480000000000	2.8598640125058
64.500000000000	2.8590245479860
64.520000000000	2.8581820148516
64.540000000000	2.8573366520508
64.560000000000	2.8564886722208
64.580000000000	2.8556382633392
64.600000000000	2.8547855906914
64.620000000000	2.8539307989346
64.640000000000	2.8530740141327
64.660000000000	2.8522153456930
64.680000000000	2.8513548881681
64.700000000000	2.8504927229098
64.720000000000	2.8496289195713
64.740000000000	2.8487635374617
64.760000000000	2.8478966267580
64.780000000000	2.8470282295828
64.800000000000	2.8461583809515
64.820000000000	2.8452871095896
64.840000000000	2.8444144386167
64.860000000000	2.8435403860793
64.880000000000	2.8426649653005
64.900000000000	2.8417881849831
64.920000000000	2.8409100489496
64.940000000000	2.8400305553087
64.960000000000	2.8391496946653
64.980000000000	2.8382674467017
65.000000000000	2.8373837740677
65.020000000000	2.8364986127627
65.040000000000	2.8356118647514
65.060000000000	2.8347234534831
65.080000000000	2.8338339393915
65.100000000000	2.8329482452113
65.120000000000	2.8316472024306
65.140000000000	2.8303968484841
65.160000000000	2.8301328142191
65.180000000000	2.8293276195572
65.200000000000	2.8284560451933
65.220000000000	2.8275685544096
65.240000000000	2.8266749433151
65.260000000000	2.8257780622226
65.280000000000	2.8248789820688
65.300000000000	2.8239781854019
65.320000000000	2.8230759236355
65.340000000000	2.8221723456907
65.360000000000	2.8212675509848
65.380000000000	2.8203616136354
65.400000000000	2.8194545944612
65.420000000000	2.8185465473456
65.440000000000	2.8176375228017
65.460000000000	2.8167275700643
65.480000000000	2.8158167383669
65.500000000000	2.8149050777448
65.520000000000	2.8139926395542
65.540000000000	2.8130794768125
65.560000000000	2.8121656444237
65.580000000000	2.8112511993266
65.600000000000	2.8103362005907
65.620000000000	2.8094207094734
65.640000000000	2.8085047894507
65.660000000000	2.8075885062262
65.680000000000	2.8066719277246
65.700000000000	2.8057551240722
65.720000000000	2.8048381675665
65.740000000000	2.8039211326370
65.760000000000	2.8030040957988
65.780000000000	2.8020871355991
65.800000000000	2.8011703325576
65.820000000000	2.8002537691018
65.840000000000	2.7993375294972
65.860000000000	2.7984216997731
65.880000000000	2.7975063676432
65.900000000000	2.7965916224233
65.920000000000	2.7956775549440
65.940000000000	2.7947642574600
65.960000000000	2.7938518235556
65.980000000000	2.7929403480463
66.000000000000	2.7920299268766
66.020000000000	2.7911206570142
66.040000000000	2.7902126363397
66.060000000000	2.7893059635325
66.080000000000	2.7884007379525
66.100000000000	2.7874970595162
66.120000000000	2.7865950285679
66.140000000000	2.7856947457454
66.160000000000	2.7847963118388
66.180000000000	2.7838998276415
66.200000000000	2.7830053937935
66.220000000000	2.7821131106141
66.240000000000	2.7812230779241
66.260000000000	2.7803353948540
66.280000000000	2.7794501596372
66.300000000000	2.7785674693857
66.320000000000	2.7776874198436
66.340000000000	2.7768101051167
66.360000000000	2.7759356173726
66.380000000000	2.7750640465057
66.400000000000	2.7741954797625
66.420000000000	2.7733300013183
66.440000000000	2.7724676917968
66.460000000000	2.7716086277231
66.480000000000	2.7707528808968
66.500000000000	2.7699005176713
66.520000000000	2.7690515981208
66.540000000000	2.7682061750766
66.560000000000	2.7673642930055
66.580000000000	2.7665259867035
66.600000000000	2.7656912797700
66.620000000000	2.7648601828206
66.640000000000	2.7640326913934
66.660000000000	2.7632087834889
66.680000000000	2.7623884166814
66.700000000000	2.7615715247210
66.720000000000	2.7607580135406
66.740000000000	2.7599477565623
66.760000000000	2.7591405891906
66.780000000000	2.7583363023607
66.800000000000	2.7575346350042
66.820000000000	2.7567352652868
66.840000000000	2.7559378004767
66.860000000000	2.7551417653229
66.880000000000	2.7543465888695
66.900000000000	2.7535515897218
66.920000000000	2.7527559599323
66.940000000000	2.7519587479242
66.960000000000	2.7511588412622
66.980000000000	2.7503549506653
67.000000000000	2.7495455975186
67.020000000000	2.7487291083611
67.040000000000	2.7479036214861
67.060000000000	2.7470671129521
67.080000000000	2.7462174519122
67.100000000000	2.7453524980014
67.120000000000	2.7444702559524
67.140000000000	2.7435691034388
67.160000000000	2.7426481053582
67.180000000000	2.7417074184727
67.200000000000	2.7407487712237
67.220000000000	2.7397759723390
67.240000000000	2.7387953600085
67.260000000000	2.7378160598020
67.280000000000	2.7368498929172
67.300000000000	2.7359107925942
67.320000000000	2.7350136665354
67.340000000000	2.7341727836188
67.360000000000	2.7333999223946
67.380000000000	2.7327026257316
67.400000000000	2.7320828983905
67.420000000000	2.7315365544739
67.440000000000	2.7310532305600
67.460000000000	2.7306169231228
67.480000000000	2.7302068573391
67.500000000000	2.7297985592533
67.520000000000	2.7293651370023
67.540000000000	2.7288789022052
67.560000000000	2.7283135027943
67.580000000000	2.7276466350577
67.600000000000	2.7268630966371
67.620000000000	2.7259572897301
67.640000000000	2.7249335564371
67.660000000000	2.7238047217457
67.680000000000	2.7225924667642
67.700000000000	2.7213260006997
67.720000000000	2.7200357718218
67.740000000000	2.7187485657347
67.760000000000	2.7174855833772
67.780000000000	2.7162618753979
67.800000000000	2.7150866179437
67.820000000000	2.7139639981406
67.840000000000	2.7128943887089
67.860000000000	2.7118755163150
67.880000000000	2.7109034409523
67.900000000000	2.7099733463573
67.920000000000	2.7090801568964
67.940000000000	2.7082189317772
67.960000000000	2.7073850685893
67.980000000000	2.7065743953638
68.000000000000	2.7057832018051
68.020000000000	2.7050082342797
68.040000000000	2.7042466690268
68.060000000000	2.7034960736545
68.080000000000	2.7027543638584
68.100000000000	2.7020197597995
68.120000000000	2.7012907447254
68.140000000000	2.7005660271439
68.160000000000	2.6998445070362
68.180000000000	2.6991252460937
68.200000000000	2.6984074416676
68.220000000000	2.6976904039520
68.240000000000	2.6969735358237
68.260000000000	2.6962563146940
68.280000000000	2.6955382756581
68.300000000000	2.6948189951395
68.320000000000	2.6940980741199
68.340000000000	2.6933751199489
68.360000000000	2.6926497257957
68.380000000000	2.6919214474658
68.400000000000	2.6911897797706
68.420000000000	2.6904541420370
68.440000000000	2.6897139023140
68.460000000000	2.6889685186349
68.480000000000	2.6882179767732
68.500000000000	2.6874638353038
68.520000000000	2.6867110223836
68.540000000000	2.6859689036082
68.560000000000	2.6852465099967
68.580000000000	2.6845398709622
68.600000000000	2.6838293563784
68.620000000000	2.6830998124977
68.640000000000	2.6823526398163
68.660000000000	2.6815960342564
68.680000000000	2.6808357277127
68.700000000000	2.6800739730242
68.720000000000	2.6793112181860
68.740000000000	2.6785473143832
68.760000000000	2.6777820200696
68.780000000000	2.6770151499414
68.800000000000	2.6762465955951
68.820000000000	2.6754763113178
68.840000000000	2.6747042957686
68.860000000000	2.6739305773725
68.880000000000	2.6731552041468
68.900000000000	2.6723782369811
68.920000000000	2.6715997452862
68.940000000000	2.6708198041841
68.960000000000	2.6700384926783
68.980000000000	2.6692558924412
69.000000000000	2.6684720869890
69.020000000000	2.6676871611005
69.040000000000	2.6669012003882
69.060000000000	2.6661142909666
69.080000000000	2.6653265191821
69.100000000000	2.6645379713808
69.120000000000	2.6637487337015
69.140000000000	2.6629588918847
69.160000000000	2.6621685310915
69.180000000000	2.6613777357291
69.200000000000	2.6605865892819
69.220000000000	2.6597951741452
69.240000000000	2.6590035714620
69.260000000000	2.6582118609631
69.280000000000	2.6574201208085
69.300000000000	2.6566284274335
69.320000000000	2.6558368553957
69.340000000000	2.6550454772277
69.360000000000	2.6542543632921
69.380000000000	2.6534635816416
69.400000000000	2.6526731978838
69.420000000000	2.6518832750519
69.440000000000	2.6510938734806
69.460000000000	2.6503050506886
69.480000000000	2.6495168612686
69.500000000000	2.6487293567840
69.520000000000	2.6479425856731
69.540000000000	2.6471565931623
69.560000000000	2.6463714211861
69.580000000000	2.6455871083169
69.600000000000	2.6448036897018
69.620000000000	2.6440211970086
69.640000000000	2.6432396583802
69.660000000000	2.6424590983961
69.680000000000	2.6416795380422
69.700000000000	2.6409009946887
69.720000000000	2.6401234820740
69.740000000000	2.6393470102966
69.760000000000	2.6385715858129
69.780000000000	2.6377972114417
69.800000000000	2.6370238863750
69.820000000000	2.6362516061941
69.840000000000	2.6354803628930
69.860000000000	2.6347101449058
69.880000000000	2.6339409371416
69.900000000000	2.6331727210242
69.920000000000	2.6324054745382
69.940000000000	2.6316391722808
69.960000000000	2.6308737855197
69.980000000000	2.6301092822575
70.000000000000	2.6293456273018
70.020000000000	2.6285827823419
70.040000000000	2.6278207060317
70.060000000000	2.6270593540786
70.080000000000	2.6262986793396
70.100000000000	2.6255386319226
70.120000000000	2.6247791592942
70.140000000000	2.6240202063941
70.160000000000	2.6232617157548
70.180000000000	2.6225036276271
70.200000000000	2.6217458801119
70.220000000000	2.6209884092964
70.240000000000	2.6202311493966
70.260000000000	2.6194740329039
70.280000000000	2.6187169907376
70.300000000000	2.6179599524006
70.320000000000	2.6172028461413
70.340000000000	2.6164455991182
70.360000000000	2.6156881375693
70.380000000000	2.6149303869859
70.400000000000	2.6141722722891
70.420000000000	2.6134137180116
70.440000000000	2.6126546484817
70.460000000000	2.6118949880128
70.480000000000	2.6111346610958
70.500000000000	2.6103735925965
70.520000000000	2.6096117079572
70.540000000000	2.6088489334045
70.560000000000	2.6080851961616
70.580000000000	2.6073204246681
70.600000000000	2.6065545488068
70.620000000000	2.6057875001374
70.640000000000	2.6050192121384
70.660000000000	2.6042496204564
70.680000000000	2.6034786631596
70.700000000000	2.6027062809939
70.720000000000	2.6019324176351
70.740000000000	2.6011570199290
70.760000000000	2.6003800381085
70.780000000000	2.5996014259761
70.800000000000	2.5988211410371
70.820000000000	2.5980391445745
70.840000000000	2.5972554016616
70.860000000000	2.5964698811176
70.880000000000	2.5956825554288
70.900000000000	2.5948934006678
70.920000000000	2.5941023964553
70.940000000000	2.5933095260100
70.960000000000	2.5925147763208
70.980000000000	2.5917181384550
71.000000000000	2.5909196079898
71.020000000000	2.5901191855300
71.040000000000	2.5893168772570
71.060000000000	2.5885126954550
71.080000000000	2.5877066589689
71.100000000000	2.5868987935675
71.120000000000	2.5860891322060
71.140000000000	2.5852777151983
71.160000000000	2.5844645903205
71.180000000000	2.5836498128695
71.200000000000	2.5828334457004
71.220000000000	2.5820155592591
71.240000000000	2.5811962316232
71.260000000000	2.5803755485560
71.280000000000	2.5795536035776
71.300000000000	2.5787304980512
71.320000000000	2.5779063412817
71.340000000000	2.5770812506252
71.360000000000	2.5762553516045
71.380000000000	2.5754287780290
71.400000000000	2.5746016721156
71.420000000000	2.5737741846099
71.440000000000	2.5729464749042
71.460000000000	2.5721187111540
71.480000000000	2.5712910703895
71.500000000000	2.5704637386238
71.520000000000	2.5696369109555
71.540000000000	2.5688107916679
71.560000000000	2.5679855943217
71.580000000000	2.5671615418445
71.600000000000	2.5663388666141
71.620000000000	2.5655178105376
71.640000000000	2.5646986251262
71.660000000000	2.5638815715642
71.680000000000	2.5630669207742
71.700000000000	2.5622549534780
71.720000000000	2.5614459602524
71.740000000000	2.5606402415812
71.760000000000	2.5598381079026
71.780000000000	2.5590398796529
71.800000000000	2.5582458873058
71.820000000000	2.5574564714079
71.840000000000	2.5566719826102
71.860000000000	2.5558927816961
71.880000000000	2.5551192396056
71.900000000000	2.5543517374559
71.920000000000	2.5535906665585
71.940000000000	2.5528364284335
71.960000000000	2.5520894348198
71.980000000000	2.5513501076830
72.000000000000	2.5506188792202
