52.000000000000	-5.9375236367677
52.020000000000	-5.9471156635402
52.040000000000	-5.9562721107755
52.060000000000	-5.9649993460739
52.080000000000	-5.9733039499932
52.100000000000	-5.9811927067388
52.120000000000	-5.9886725945990
52.140000000000	-5.9957507761532
52.160000000000	-6.0024345882775
52.180000000000	-6.0087315319760
52.200000000000	-6.0146492620605
52.220000000000	-6.0201955767093
52.240000000000	-6.0253784069271
52.260000000000	-6.0302058059345
52.280000000000	-6.0346859385102
52.300000000000	-6.0388270703127
52.320000000000	-6.0426375572057
52.340000000000	-6.0461258346073
52.360000000000	-6.0493004068931
52.380000000000	-6.0521698368682
52.400000000000	-6.0547427353329
52.420000000000	-6.0570277507630
52.440000000000	-6.0590335591225
52.460000000000	-6.0607688538307
52.480000000000	-6.0622423358936
52.500000000000	-6.0634627042276
52.520000000000	-6.0644386461801
52.540000000000	-6.0651788282681
52.560000000000	-6.0656918871459
52.580000000000	-6.0659864208144
52.600000000000	-6.0660709800818
52.620000000000	-6.0659540602890
52.640000000000	-6.0656440933061
52.660000000000	-6.0651494398094
52.680000000000	-6.0644783818431
52.700000000000	-6.0636391156755
52.720000000000	-6.0626397449549
52.740000000000	-6.0614882741636
52.760000000000	-6.0601926023786
52.780000000000	-6.0587605173401
52.800000000000	-6.0571996898286
52.820000000000	-6.0555176683499
52.840000000000	-6.0537218741309
52.860000000000	-6.0518195964232
52.880000000000	-6.0498179881133
52.900000000000	-6.0477240616350
52.920000000000	-6.0455446851896
52.940000000000	-6.0432865792566
52.960000000000	-6.0409563134053
52.980000000000	-6.0385603033916
53.000000000000	-6.0361048085443
53.020000000000	-6.0335959294273
53.040000000000	-6.0310396057781
53.060000000000	-6.0284416147157
53.080000000000	-6.0258075692084
53.100000000000	-6.0231429167981
53.120000000000	-6.0204529385745
53.140000000000	-6.0177427483902
53.160000000000	-6.0150172923107
53.180000000000	-6.0122813482930
53.200000000000	-6.0095395260824
53.220000000000	-6.0067962673253
53.240000000000	-6.0040558458849
53.260000000000	-6.0013223683549
53.280000000000	-5.9985997747644
53.300000000000	-5.9958918394648
53.320000000000	-5.9932021721918
53.340000000000	-5.9905342192949
53.360000000000	-5.9878912651271
53.380000000000	-5.9852764335868
53.400000000000	-5.9826926898050
53.420000000000	-5.9801428419714
53.440000000000	-5.9776295432895
53.460000000000	-5.9751552940567
53.480000000000	-5.9727224438611
53.500000000000	-5.9703331938870
53.520000000000	-5.9679895993256
53.540000000000	-5.9656935718798
53.560000000000	-5.9634468823616
53.580000000000	-5.9612511633709
53.600000000000	-5.9591079120543
53.620000000000	-5.9570184929337
53.640000000000	-5.9549841408019
53.660000000000	-5.9530059636771
53.680000000000	-5.9510849458134
53.700000000000	-5.9492219507587
53.720000000000	-5.9474177244578
53.740000000000	-5.9456728983937
53.760000000000	-5.9439879927621
53.780000000000	-5.9423634196759
53.800000000000	-5.9407994863934
53.820000000000	-5.9392963985662
53.840000000000	-5.9378542635029
53.860000000000	-5.9364730934436
53.880000000000	-5.9351528088423
53.900000000000	-5.9338932416514
53.920000000000	-5.9326941386065
53.940000000000	-5.9315551645069
53.960000000000	-5.9304759054877
53.980000000000	-5.9294558722817
54.000000000000	-5.9284945034659
54.020000000000	-5.9275911686912
54.040000000000	-5.9267451718915
54.060000000000	-5.9259557544684
54.080000000000	-5.9252220984512
54.100000000000	-5.9245433296269
54.120000000000	-5.9239185206388
54.140000000000	-5.9233466940520
54.160000000000	-5.9228268253822
54.180000000000	-5.9223578460856
54.200000000000	-5.9219386465097
54.220000000000	-5.9215680788000
54.240000000000	-5.9212449597632
54.260000000000	-5.9209680736840
54.280000000000	-5.9207361750940
54.300000000000	-5.9205479914904
54.320000000000	-5.9204022260043
54.340000000000	-5.9202975600163
54.360000000000	-5.9202326557175
54.380000000000	-5.9202061586163
54.400000000000	-5.9202166999878
54.420000000000	-5.9202628992665
54.440000000000	-5.9203433663801
54.460000000000	-5.9204567040234
54.480000000000	-5.9206015098728
54.500000000000	-5.9207763787389
54.520000000000	-5.9209799046572
54.540000000000	-5.9212106829169
54.560000000000	-5.9214673120257
54.580000000000	-5.9217483956120
54.600000000000	-5.9220525442619
54.620000000000	-5.9223783772930
54.640000000000	-5.9227245244623
54.660000000000	-5.9230896276099
54.680000000000	-5.9234723422373
54.700000000000	-5.9238713390201
54.720000000000	-5.9242853052560
54.740000000000	-5.9247129462467
54.760000000000	-5.9251529866152
54.780000000000	-5.9256041715570
54.800000000000	-5.9260652680274
54.820000000000	-5.9265350658632
54.840000000000	-5.9270123788393
54.860000000000	-5.9274960456628
54.880000000000	-5.9279849309011
54.900000000000	-5.9284779258478
54.920000000000	-5.9289739493250
54.940000000000	-5.9294719484229
54.960000000000	-5.9299708991777
54.980000000000	-5.9304698071867
55.000000000000	-5.9309677081640
55.020000000000	-5.9314636684340
55.040000000000	-5.9319567853661
55.060000000000	-5.9324461877494
55.080000000000	-5.9329310361093
55.100000000000	-5.9334105229649
55.120000000000	-5.9338838730300
55.140000000000	-5.9343503433561
55.160000000000	-5.9348092234199
55.180000000000	-5.9352598351538
55.200000000000	-5.9357015329218
55.220000000000	-5.9361337034399
55.240000000000	-5.9365557656411
55.260000000000	-5.9369671704869
55.280000000000	-5.9373674007234
55.300000000000	-5.9377559705826
55.320000000000	-5.9381324254295
55.340000000000	-5.9384963413526
55.360000000000	-5.9388473246990
55.380000000000	-5.9391850115517
55.400000000000	-5.9395090671476
55.420000000000	-5.9398191852348
55.440000000000	-5.9401150873664
55.460000000000	-5.9403965221264
55.480000000000	-5.9406632642857
55.500000000000	-5.9409151138803
55.520000000000	-5.9411518952077
55.540000000000	-5.9413734557314
55.560000000000	-5.9415796648849
55.580000000000	-5.9417704127618
55.600000000000	-5.9419456086781
55.620000000000	-5.9421051795856
55.640000000000	-5.9422490683156
55.660000000000	-5.9423772316210
55.680000000000	-5.9424896379830
55.700000000000	-5.9425862651336
55.720000000000	-5.9426670972390
55.740000000000	-5.9427321216695
55.760000000000	-5.9427813252629
55.780000000000	-5.9428146899623
55.800000000000	-5.9428321876753
55.820000000000	-5.9428337741524
55.840000000000	-5.9428193816248
55.860000000000	-5.9427889098513
55.880000000000	-5.9427422151127
55.900000000000	-5.9426790965249
55.920000000000	-5.9425992788171
55.940000000000	-5.9425023903897
55.960000000000	-5.9423879349973
55.980000000000	-5.9422552546997
56.000000000000	-5.9421034806818
56.020000000000	-5.9419314669468
56.040000000000	-5.9417376994044
56.060000000000	-5.9415201689255
56.080000000000	-5.9412761904794
56.100000000000	-5.9410021396609
56.120000000000	-5.9406930592116
56.140000000000	-5.9403420547181
56.160000000000	-5.9399393365800
56.180000000000	-5.9394706450298
56.200000000000	-5.9389145503913
56.220000000000	-5.9382375964060
56.240000000000	-5.9373850640176
56.260000000000	-5.9362622746202
56.280000000000	-5.9346942597472
56.300000000000	-5.9323357131675
56.320000000000	-5.9285054772767
56.340000000000	-5.9226444685553
56.360000000000	-5.9235212863633
56.380000000000	-5.9402305487837
56.400000000000	-5.9456178095414
56.420000000000	-5.9456480807526
56.440000000000	-5.9448489579568
56.460000000000	-5.9440258138860
56.480000000000	-5.9432974963251
56.500000000000	-5.9426638806938
56.520000000000	-5.9421068689987
56.540000000000	-5.9416093189782
56.560000000000	-5.9411578808585
56.580000000000	-5.9407426331999
56.600000000000	-5.9403562632071
56.620000000000	-5.9399933564491
56.640000000000	-5.9396498684738
56.660000000000	-5.9393227481559
56.680000000000	-5.9390096715824
56.700000000000	-5.9387088532534
56.720000000000	-5.9384189108407
56.740000000000	-5.9381387671613
56.760000000000	-5.9378675782309
56.780000000000	-5.9376046797998
56.800000000000	-5.9373495471431
56.820000000000	-5.9371017644733
56.840000000000	-5.9368610014226
56.860000000000	-5.9366269947804
56.880000000000	-5.9363995341796
56.900000000000	-5.9361784507829
56.920000000000	-5.9359636082705
56.940000000000	-5.9357548956099
56.960000000000	-5.9355522212201
56.980000000000	-5.9353555082339
57.000000000000	-5.9351646906331
57.020000000000	-5.9349797100852
57.040000000000	-5.9348005133433
57.060000000000	-5.9346270501074
57.080000000000	-5.9344592712606
57.100000000000	-5.9342971274170
57.120000000000	-5.9341405677257
57.140000000000	-5.9339895388916
57.160000000000	-5.9338439843748
57.180000000000	-5.9337038437447
57.200000000000	-5.9335690521618
57.220000000000	-5.9334395399719
57.240000000000	-5.9333152323938
57.260000000000	-5.9331960492901
57.280000000000	-5.9330819050080
57.300000000000	-5.9329727082823
57.320000000000	-5.9328683621920
57.340000000000	-5.9327687641639
57.360000000000	-5.9326738060175
57.380000000000	-5.9325833740465
57.400000000000	-5.9324973491325
57.420000000000	-5.9324156068859
57.440000000000	-5.9323380178135
57.460000000000	-5.9322644475070
57.480000000000	-5.9321947568510
57.500000000000	-5.9321288022491
57.520000000000	-5.9320664358641
57.540000000000	-5.9320075058721
57.560000000000	-5.9319518567282
57.580000000000	-5.9318993294414
57.600000000000	-5.9318497618593
57.620000000000	-5.9318029889590
57.640000000000	-5.9317588431449
57.660000000000	-5.9317171545509
57.680000000000	-5.9316777513468
57.700000000000	-5.9316404600474
57.720000000000	-5.9316051058241
57.740000000000	-5.9315715128174
57.760000000000	-5.9315395044491
57.780000000000	-5.9315089037355
57.800000000000	-5.9314795335982
57.820000000000	-5.9314512171738
57.840000000000	-5.9314237781206
57.860000000000	-5.9313970409231
57.880000000000	-5.9313708311914
57.900000000000	-5.9313449759582
57.920000000000	-5.9313193039692
57.940000000000	-5.9312936459697
57.960000000000	-5.9312678349848
57.980000000000	-5.9312417065932
58.000000000000	-5.9312150991950
58.020000000000	-5.9311878542725
58.040000000000	-5.9311598166424
58.060000000000	-5.9311308347023
58.080000000000	-5.9311007606670
58.100000000000	-5.9310694507982
58.120000000000	-5.9310367656242
58.140000000000	-5.9310025701512
58.160000000000	-5.9309667340654
58.180000000000	-5.9309291319257
58.200000000000	-5.9308896433462
58.220000000000	-5.9308481531698
58.240000000000	-5.9308045516307
58.260000000000	-5.9307587345073
58.280000000000	-5.9307106032650
58.300000000000	-5.9306600651877
58.320000000000	-5.9306070335000
58.340000000000	-5.9305514274772
58.360000000000	-5.9304931725463
58.380000000000	-5.9304322003748
58.400000000000	-5.9303684489497
58.420000000000	-5.9303018626452
58.440000000000	-5.9302323922799
58.460000000000	-5.9301599951630
58.480000000000	-5.9300846351303
58.500000000000	-5.9300062825684
58.520000000000	-5.9299249144300
58.540000000000	-5.9298405142370
58.560000000000	-5.9297530720740
58.580000000000	-5.9296625845719
58.600000000000	-5.9295690548803
58.620000000000	-5.9294724926304
58.640000000000	-5.9293729138886
58.660000000000	-5.9292703410989
58.680000000000	-5.9291648030172
58.700000000000	-5.9290563346356
58.720000000000	-5.9289449770974
58.740000000000	-5.9288307776036
58.760000000000	-5.9287137893103
58.780000000000	-5.9285940712179
58.800000000000	-5.9284716880519
58.820000000000	-5.9283467101356
58.840000000000	-5.9282192132555
58.860000000000	-5.9280892785186
58.880000000000	-5.9279569922033
58.900000000000	-5.9278224456026
58.920000000000	-5.9276857348612
58.940000000000	-5.9275469608064
58.960000000000	-5.9274062287724
58.980000000000	-5.9272636484196
59.000000000000	-5.9271193335478
59.020000000000	-5.9269734019052
59.040000000000	-5.9268259749918
59.060000000000	-5.9266771778592
59.080000000000	-5.9265271389053
59.100000000000	-5.9263759896664
59.120000000000	-5.9262238646048
59.140000000000	-5.9260709008944
59.160000000000	-5.9259172382023
59.180000000000	-5.9257630184694
59.200000000000	-5.9256083856875
59.220000000000	-5.9254534856756
59.240000000000	-5.9252984658544
59.260000000000	-5.9251434750201
59.280000000000	-5.9249886631169
59.300000000000	-5.9248341810095
59.320000000000	-5.9246801802551
59.340000000000	-5.9245268128763
59.360000000000	-5.9243742311340
59.380000000000	-5.9242225873012
59.400000000000	-5.9240720334380
59.420000000000	-5.9239227211687
59.440000000000	-5.9237748014598
59.460000000000	-5.9236284244003
59.480000000000	-5.9234837389851
59.500000000000	-5.9233408929001
59.520000000000	-5.9232000323109
59.540000000000	-5.9230613016544
59.560000000000	-5.9229248434341
59.580000000000	-5.9227907980189
59.600000000000	-5.9226593034464
59.620000000000	-5.9225304952295
59.640000000000	-5.9224045061689
59.660000000000	-5.9222814661689
59.680000000000	-5.9221615020589
59.700000000000	-5.9220447374202
59.720000000000	-5.9219312924174
59.740000000000	-5.9218212836362
59.760000000000	-5.9217148239262
59.780000000000	-5.9216120222504
59.800000000000	-5.9215129835398
59.820000000000	-5.9214178085553
59.840000000000	-5.9213265937550
59.860000000000	-5.9212394311688
59.880000000000	-5.9211564082791
59.900000000000	-5.9210776079086
59.920000000000	-5.9210031081150
59.940000000000	-5.9209329820920
59.960000000000	-5.9208672980788
59.980000000000	-5.9208061192750
60.000000000000	-5.9207495037640
60.020000000000	-5.9206975044431
60.040000000000	-5.9206501689612
60.060000000000	-5.9206075396633
60.080000000000	-5.9205696535431
60.100000000000	-5.9205365422028
60.120000000000	-5.9205082318195
60.140000000000	-5.9204847431205
60.160000000000	-5.9204660913644
60.180000000000	-5.9204522863311
60.200000000000	-5.9204433323174
60.220000000000	-5.9204392281417
60.240000000000	-5.9204399671546
60.260000000000	-5.9204455372574
60.280000000000	-5.9204559209271
60.300000000000	-5.9204710952493
60.320000000000	-5.9204910319572
60.340000000000	-5.9205156974776
60.360000000000	-5.9205450529844
60.380000000000	-5.9205790544576
60.400000000000	-5.9206176527496
60.420000000000	-5.9206607936576
60.440000000000	-5.9207084180021
60.460000000000	-5.9207604617118
60.480000000000	-5.9208168559142
60.500000000000	-5.9208775270321
60.520000000000	-5.9209423968857
60.540000000000	-5.9210113828001
60.560000000000	-5.9210843977177
60.580000000000	-5.9211613503168
60.600000000000	-5.9212421451337
60.620000000000	-5.9213266826902
60.640000000000	-5.9214148596258
60.660000000000	-5.9215065688336
60.680000000000	-5.9216016996007
60.700000000000	-5.9217001377522
60.720000000000	-5.9218017657989
60.740000000000	-5.9219064630888
60.760000000000	-5.9220141059609
60.780000000000	-5.9221245679029
60.800000000000	-5.9222377197111
60.820000000000	-5.9223534296529
60.840000000000	-5.9224715636318
60.860000000000	-5.9225919853536
60.880000000000	-5.9227145564957
60.900000000000	-5.9228391368768
60.920000000000	-5.9229655846283
60.940000000000	-5.9230937563672
60.960000000000	-5.9232235073687
60.980000000000	-5.9233546917407
61.000000000000	-5.9234871625979
61.020000000000	-5.9236207722358
61.040000000000	-5.9237553723053
61.060000000000	-5.9238908139863
61.080000000000	-5.9240269481608
61.100000000000	-5.9241636255858
61.120000000000	-5.9243006970639
61.140000000000	-5.9244380136140
61.160000000000	-5.9245754266392
61.180000000000	-5.9247127880941
61.200000000000	-5.9248499506495
61.220000000000	-5.9249867678550
61.240000000000	-5.9251230942993
61.260000000000	-5.9252587857681
61.280000000000	-5.9253936993991
61.300000000000	-5.9255276938338
61.320000000000	-5.9256606293670
61.340000000000	-5.9257923680916
61.360000000000	-5.9259227740415
61.380000000000	-5.9260517133296
61.400000000000	-5.9261790542822
61.420000000000	-5.9263046675705
61.440000000000	-5.9264284263362
61.460000000000	-5.9265502063142
61.480000000000	-5.9266698859505
61.500000000000	-5.9267873465156
61.520000000000	-5.9269024722126
61.540000000000	-5.9270151502819
61.560000000000	-5.9271252710999
61.580000000000	-5.9272327282728
61.600000000000	-5.9273374187262
61.620000000000	-5.9274392427887
61.640000000000	-5.9275381042707
61.660000000000	-5.9276339105379
61.680000000000	-5.9277265725791
61.700000000000	-5.9278160050696
61.720000000000	-5.9279021264278
61.740000000000	-5.9279848588679
61.760000000000	-5.9280641284457
61.780000000000	-5.9281398650998
61.800000000000	-5.9282120026871
61.820000000000	-5.9282804790130
61.840000000000	-5.9283452358557
61.860000000000	-5.9284062189853
61.880000000000	-5.9284633781776
61.900000000000	-5.9285166672223
61.920000000000	-5.9285660439261
61.940000000000	-5.9286114701101
61.960000000000	-5.9286529116024
61.980000000000	-5.9286903382252
62.000000000000	-5.9287237237772
62.020000000000	-5.9287530460105
62.040000000000	-5.9287782866029
62.060000000000	-5.9287994311254
62.080000000000	-5.9288164690046
62.100000000000	-5.9288293934811
62.120000000000	-5.9288382015629
62.140000000000	-5.9288428939742
62.160000000000	-5.9288434751012
62.180000000000	-5.9288399529319
62.200000000000	-5.9288323389938
62.220000000000	-5.9288206482861
62.240000000000	-5.9288048992098
62.260000000000	-5.9287851134930
62.280000000000	-5.9287613161134
62.300000000000	-5.9287335352176
62.320000000000	-5.9287018020372
62.340000000000	-5.9286661508024
62.360000000000	-5.9286266186524
62.380000000000	-5.9285832455433
62.400000000000	-5.9285360741545
62.420000000000	-5.9284851497919
62.440000000000	-5.9284305202900
62.460000000000	-5.9283722359112
62.480000000000	-5.9283103492451
62.500000000000	-5.9282449151045
62.520000000000	-5.9281759904220
62.540000000000	-5.9281036341444
62.560000000000	-5.9280279071267
62.580000000000	-5.9279488720257
62.600000000000	-5.9278665931927
62.620000000000	-5.9277811365665
62.640000000000	-5.9276925695661
62.660000000000	-5.9276009609833
62.680000000000	-5.9275063808763
62.700000000000	-5.9274089004633
62.720000000000	-5.9273085920172
62.740000000000	-5.9272055287606
62.760000000000	-5.9270997847629
62.780000000000	-5.9269914348377
62.800000000000	-5.9268805544421
62.820000000000	-5.9267672195776
62.840000000000	-5.9266515066927
62.860000000000	-5.9265334925878
62.880000000000	-5.9264132543213
62.900000000000	-5.9262908691190
62.920000000000	-5.9261664142853
62.940000000000	-5.9260399671170
62.960000000000	-5.9259116048203
62.980000000000	-5.9257814044298
63.000000000000	-5.9256494427308
63.020000000000	-5.9255157961851
63.040000000000	-5.9253805408592
63.060000000000	-5.9252437523565
63.080000000000	-5.9251055057522
63.100000000000	-5.9249658755323
63.120000000000	-5.9248249355353
63.140000000000	-5.9246827588990
63.160000000000	-5.9245394180089
63.180000000000	-5.9243949844525
63.200000000000	-5.9242495289758
63.220000000000	-5.9241031214444
63.240000000000	-5.9239558308082
63.260000000000	-5.9238077250702
63.280000000000	-5.9236588712591
63.300000000000	-5.9235093354056
63.320000000000	-5.9233591825231
63.340000000000	-5.9232084765918
63.360000000000	-5.9230572805471
63.380000000000	-5.9229056562714
63.400000000000	-5.9227536645900
63.420000000000	-5.9226013652709
63.440000000000	-5.9224488170278
63.460000000000	-5.9222960775272
63.480000000000	-5.9221432033987
63.500000000000	-5.9219902502492
63.520000000000	-5.9218372726800
63.540000000000	-5.9216843243072
63.560000000000	-5.9215314577856
63.580000000000	-5.9213787248354
63.600000000000	-5.9212261762716
63.620000000000	-5.9210738620363
63.640000000000	-5.9209218312339
63.660000000000	-5.9207701321680
63.680000000000	-5.9206188123812
63.700000000000	-5.9204679186966
63.720000000000	-5.9203174972615
63.740000000000	-5.9201675935926
63.760000000000	-5.9200182526226
63.780000000000	-5.9198695187481
63.800000000000	-5.9197214358792
63.820000000000	-5.9195740474888
63.840000000000	-5.9194273966635
63.860000000000	-5.9192815261547
63.880000000000	-5.9191364784292
63.900000000000	-5.9189922957207
63.920000000000	-5.9188490200802
63.940000000000	-5.9187066934260
63.960000000000	-5.9185653575931
63.980000000000	-5.9184250543813
64.000000000000	-5.9182858256017
64.020000000000	-5.9181477131218
64.040000000000	-5.9180107589089
64.060000000000	-5.9178750050708
64.080000000000	-5.9177404938944
64.100000000000	-5.9176072678816
64.120000000000	-5.9174753697818
64.140000000000	-5.9173448426221
64.160000000000	-5.9172157297326
64.180000000000	-5.9170880747692
64.200000000000	-5.9169619217317
64.220000000000	-5.9168373149776
64.240000000000	-5.9167142992318
64.260000000000	-5.9165929195912
64.280000000000	-5.9164732215243
64.300000000000	-5.9163552508655
64.320000000000	-5.9162390538045
64.340000000000	-5.9161246768693
64.360000000000	-5.9160121669041
64.380000000000	-5.9159015710402
64.400000000000	-5.9157929366622
64.420000000000	-5.9156863113662
64.440000000000	-5.9155817429128
64.460000000000	-5.9154792791731
64.480000000000	-5.9153789680675
64.500000000000	-5.9152808574986
64.520000000000	-5.9151849952767
64.540000000000	-5.9150914290385
64.560000000000	-5.9150002061592
64.580000000000	-5.9149113736572
64.600000000000	-5.9148249780925
64.620000000000	-5.9147410654578
64.640000000000	-5.9146596810635
64.660000000000	-5.9145808694152
64.680000000000	-5.9145046740859
64.700000000000	-5.9144311375811
64.720000000000	-5.9143603011980
64.740000000000	-5.9142922048793
64.760000000000	-5.9142268870609
64.780000000000	-5.9141643845151
64.800000000000	-5.9141047321882
64.820000000000	-5.9140479630343
64.840000000000	-5.9139941078449
64.860000000000	-5.9139431950748
64.880000000000	-5.9138952506653
64.900000000000	-5.9138502978648
64.920000000000	-5.9138083570477
64.940000000000	-5.9137694455322
64.960000000000	-5.9137335773971
64.980000000000	-5.9137007632999
65.000000000000	-5.9136710102949
65.020000000000	-5.9136443216539
65.040000000000	-5.9136206966894
65.060000000000	-5.9136001305813
65.080000000000	-5.9135826142089
65.100000000000	-5.9135681339877
65.120000000000	-5.9135566717134
65.140000000000	-5.9135482044136
65.160000000000	-5.9135427042083
65.180000000000	-5.9135401381800
65.200000000000	-5.9135404682560
65.220000000000	-5.9135436511020
65.240000000000	-5.9135496380295
65.260000000000	-5.9135583749189
65.280000000000	-5.9135698021570
65.300000000000	-5.9135838545938
65.320000000000	-5.9136004615160
65.340000000000	-5.9136195466415
65.360000000000	-5.9136410281344
65.380000000000	-5.9136648186426
65.400000000000	-5.9136908253585
65.420000000000	-5.9137189501044
65.440000000000	-5.9137490894436
65.460000000000	-5.9137811348182
65.480000000000	-5.9138149727146
65.500000000000	-5.9138504848575
65.520000000000	-5.9138875484336
65.540000000000	-5.9139260363449
65.560000000000	-5.9139658174934
65.580000000000	-5.9140067570963
65.600000000000	-5.9140487170333
65.620000000000	-5.9140915562255
65.640000000000	-5.9141351310458
65.660000000000	-5.9141792957615
65.680000000000	-5.9142239030080
65.700000000000	-5.9142688042931
65.720000000000	-5.9143138505322
65.740000000000	-5.9143588926118
65.760000000000	-5.9144037819819
65.780000000000	-5.9144483712748
65.800000000000	-5.9144925149494
65.820000000000	-5.9145360699581
65.840000000000	-5.9145788964357
65.860000000000	-5.9146208584067
65.880000000000	-5.9146618245090
65.900000000000	-5.9147016687312
65.920000000000	-5.9147402711601
65.940000000000	-5.9147775187354
65.960000000000	-5.9148133060072
65.980000000000	-5.9148475358948
66.000000000000	-5.9148801204395
66.020000000000	-5.9149109815497
66.040000000000	-5.9149400517333
66.060000000000	-5.9149672748125
66.080000000000	-5.9149926066168
66.100000000000	-5.9150160156493
66.120000000000	-5.9150374837212
66.140000000000	-5.9150570065499
66.160000000000	-5.9150745943165
66.180000000000	-5.9150902721759
66.200000000000	-5.9151040807171
66.220000000000	-5.9151160763668
66.240000000000	-5.9151263317339
66.260000000000	-5.9151349358879
66.280000000000	-5.9151419945695
66.300000000000	-5.9151476303283
66.320000000000	-5.9151519825834
66.340000000000	-5.9151552076048
66.360000000000	-5.9151574784123
66.380000000000	-5.9151589845885
66.400000000000	-5.9151599320051
66.420000000000	-5.9151605424599
66.440000000000	-5.9151610532243
66.460000000000	-5.9151617164996
66.480000000000	-5.9151627987829
66.500000000000	-5.9151645801429
66.520000000000	-5.9151673534068
66.540000000000	-5.9151714232590
66.560000000000	-5.9151771052559
66.580000000000	-5.9151847247572
66.600000000000	-5.9151946157793
66.620000000000	-5.9152071197722
66.640000000000	-5.9152225843278
66.660000000000	-5.9152413618209
66.680000000000	-5.9152638079910
66.700000000000	-5.9152902804698
66.720000000000	-5.9153211372608
66.740000000000	-5.9153567351771
66.760000000000	-5.9153974282464
66.780000000000	-5.9154435660874
66.800000000000	-5.9154954922682
66.820000000000	-5.9155535426519
66.840000000000	-5.9156180437394
66.860000000000	-5.9156893110147
66.880000000000	-5.9157676473032
66.900000000000	-5.9158533411490
66.920000000000	-5.9159466652195
66.940000000000	-5.9160478747452
66.960000000000	-5.9161572060011
66.980000000000	-5.9162748748382
67.000000000000	-5.9164010752705
67.020000000000	-5.9165359781250
67.040000000000	-5.9166797297606
67.060000000000	-5.9168324508608
67.080000000000	-5.9169942353071
67.100000000000	-5.9171651491361
67.120000000000	-5.9173452295861
67.140000000000	-5.9175344842360
67.160000000000	-5.9177328902413
67.180000000000	-5.9179403936673
67.200000000000	-5.9181569089253
67.220000000000	-5.9183823183112
67.240000000000	-5.9186164716476
67.260000000000	-5.9188591860330
67.280000000000	-5.9191102456941
67.300000000000	-5.9193694019455
67.320000000000	-5.9196363732524
67.340000000000	-5.9199108453983
67.360000000000	-5.9201924717534
67.380000000000	-5.9204808736445
67.400000000000	-5.9207756408221
67.420000000000	-5.9210763320237
67.440000000000	-5.9213824756291
67.460000000000	-5.9216935704054
67.480000000000	-5.9220090863386
67.500000000000	-5.9223284655469
67.520000000000	-5.9226511232735
67.540000000000	-5.9229764489533
67.560000000000	-5.9233038073514
67.580000000000	-5.9236325397672
67.600000000000	-5.9239619653005
67.620000000000	-5.9242913821767
67.640000000000	-5.9246200691234
67.660000000000	-5.9249472867984
67.680000000000	-5.9252722792597
67.700000000000	-5.9255942754783
67.720000000000	-5.9259124908846
67.740000000000	-5.9262261289479
67.760000000000	-5.9265343827823
67.780000000000	-5.9268364367764
67.800000000000	-5.9271314682413
67.820000000000	-5.9274186490748
67.840000000000	-5.9276971474358
67.860000000000	-5.9279661294268
67.880000000000	-5.9282247607800
67.900000000000	-5.9284722085446
67.920000000000	-5.9287076427696
67.940000000000	-5.9289302381823
67.960000000000	-5.9291391758560
67.980000000000	-5.9293336448663
68.000000000000	-5.9295128439323
68.020000000000	-5.9296759830403
68.040000000000	-5.9298222850470
68.060000000000	-5.9299509872604
68.080000000000	-5.9300613429964
68.100000000000	-5.9301526231082
68.120000000000	-5.9302241174877
68.140000000000	-5.9302751365361
68.160000000000	-5.9303050126037
68.180000000000	-5.9303131013955
68.200000000000	-5.9302987833436
68.220000000000	-5.9302614649443
68.240000000000	-5.9302005800595
68.260000000000	-5.9301155911823
68.280000000000	-5.9300059906664
68.300000000000	-5.9298713019202
68.320000000000	-5.9297110805660
68.340000000000	-5.9295249155654
68.360000000000	-5.9293124303146
68.380000000000	-5.9290732837096
68.400000000000	-5.9288071711887
68.420000000000	-5.9285138257547
68.440000000000	-5.9281930189860
68.460000000000	-5.9278445620453
68.480000000000	-5.9274683066980
68.500000000000	-5.9270641463589
68.520000000000	-5.9266320171874
68.540000000000	-5.9261718992643
68.560000000000	-5.9256838178889
68.580000000000	-5.9251678450566
68.600000000000	-5.9246241011941
68.620000000000	-5.9240527572665
68.640000000000	-5.9234540374173
68.660000000000	-5.9228282223755
68.680000000000	-5.9221756539825
68.700000000000	-5.9214967413654
68.720000000000	-5.9207919695825
68.740000000000	-5.9200619120470
68.760000000000	-5.9193072488753
68.780000000000	-5.9185287947836
68.800000000000	-5.9177275429010
68.820000000000	-5.9169047361606
68.840000000000	-5.9160619887221
68.860000000000	-5.9152015032253
68.880000000000	-5.9143264839727
68.900000000000	-5.9134419835132
68.920000000000	-5.9125568036820
68.940000000000	-5.9116882609535
68.960000000000	-5.9108754425914
68.980000000000	-5.9102064106388
69.000000000000	-5.9090377143050
69.020000000000	-5.9058667472745
69.040000000000	-5.9052488916874
69.060000000000	-5.9044379049248
69.080000000000	-5.9034898628402
69.100000000000	-5.9024732071848
69.120000000000	-5.9014161237475
69.140000000000	-5.9003319646088
69.160000000000	-5.8992281052835
69.180000000000	-5.8981092056295
69.200000000000	-5.8969785662735
69.220000000000	-5.8958387552761
69.240000000000	-5.8946919231609
69.260000000000	-5.8935399723685
69.280000000000	-5.8923846535030
69.300000000000	-5.8912276224373
69.320000000000	-5.8900704753806
69.340000000000	-5.8889147709831
69.360000000000	-5.8877620445161
69.380000000000	-5.8866138170456
69.400000000000	-5.8854716013459
69.420000000000	-5.8843369056344
69.440000000000	-5.8832112358146
69.460000000000	-5.8820960966720
69.480000000000	-5.8809929923240
69.500000000000	-5.8799034261234
69.520000000000	-5.8788289001569
69.540000000000	-5.8777709144371
69.560000000000	-5.8767309658580
69.580000000000	-5.8757105469656
69.600000000000	-5.8747111445823
69.620000000000	-5.8737342383110
69.640000000000	-5.8727812989429
69.660000000000	-5.8718537867837
69.680000000000	-5.8709531499119
69.700000000000	-5.8700808223786
69.720000000000	-5.8692382223572
69.740000000000	-5.8684267502504
69.760000000000	-5.8676477867581
69.780000000000	-5.8669026909125
69.800000000000	-5.8661927980838
69.820000000000	-5.8655194179597
69.840000000000	-5.8648838325018
69.860000000000	-5.8642872938817
69.880000000000	-5.8637310224001
69.900000000000	-5.8632162043895
69.920000000000	-5.8627439901047
69.940000000000	-5.8623154916020
69.960000000000	-5.8619317806101
69.980000000000	-5.8615938863942
70.000000000000	-5.8613027936150
70.020000000000	-5.8610594401867
70.040000000000	-5.8608647151336
70.060000000000	-5.8607194564489
70.080000000000	-5.8606244489582
70.100000000000	-5.8605804221883
70.120000000000	-5.8605880482465
70.140000000000	-5.8606479397100
70.160000000000	-5.8607606475281
70.180000000000	-5.8609266589432
70.200000000000	-5.8611463954283
70.220000000000	-5.8614202106472
70.240000000000	-5.8617483884390
70.260000000000	-5.8621311408305
70.280000000000	-5.8625686060777
70.300000000000	-5.8630608467417
70.320000000000	-5.8636078478019
70.340000000000	-5.8642095148073
70.360000000000	-5.8648656720733
70.380000000000	-5.8655760609234
70.400000000000	-5.8663403379832
70.420000000000	-5.8671580735269
70.440000000000	-5.8680287498828
70.460000000000	-5.8689517598996
70.480000000000	-5.8699264054788
70.500000000000	-5.8709518961772
70.520000000000	-5.8720273478819
70.540000000000	-5.8731517815639
70.560000000000	-5.8743241221136
70.580000000000	-5.8755431972623
70.600000000000	-5.8768077365945
70.620000000000	-5.8781163706543
70.640000000000	-5.8794676301520
70.660000000000	-5.8808599452732
70.680000000000	-5.8822916450958
70.700000000000	-5.8837609571201
70.720000000000	-5.8852660069134
70.740000000000	-5.8868048178771
70.760000000000	-5.8883753111375
70.780000000000	-5.8899753055658
70.800000000000	-5.8916025179312
70.820000000000	-5.8932545631908
70.840000000000	-5.8949289549202
70.860000000000	-5.8966231058880
70.880000000000	-5.8983343287793
70.900000000000	-5.9000598370692
70.920000000000	-5.9017967460509
70.940000000000	-5.9035420740217
70.960000000000	-5.9052927436279
70.980000000000	-5.9070455833729
71.000000000000	-5.9087973292889
71.020000000000	-5.9105446267757
71.040000000000	-5.9122840326067
71.060000000000	-5.9140120171042
71.080000000000	-5.9157249664846
71.100000000000	-5.9174191853738
71.120000000000	-5.9190908994925
71.140000000000	-5.9207362585124
71.160000000000	-5.9223513390810
71.180000000000	-5.9239321480144
71.200000000000	-5.9254746256565
71.220000000000	-5.9269746494028
71.240000000000	-5.9284280373844
71.260000000000	-5.9298305523122
71.280000000000	-5.9311779054744
71.300000000000	-5.9324657608850
71.320000000000	-5.9336897395786
71.340000000000	-5.9348454240453
71.360000000000	-5.9359283628008
71.380000000000	-5.9369340750858
71.400000000000	-5.9378580556873
71.420000000000	-5.9386957798735
71.440000000000	-5.9394427084375
71.460000000000	-5.9400942928396
71.480000000000	-5.9406459804381
71.500000000000	-5.9410932198029
71.520000000000	-5.9414314661004
71.540000000000	-5.9416561865378
71.560000000000	-5.9417628658613
71.580000000000	-5.9417470118921
71.600000000000	-5.9416041610922
71.620000000000	-5.9413298841487
71.640000000000	-5.9409197915638
71.660000000000	-5.9403695392376
71.680000000000	-5.9396748340347
71.700000000000	-5.9388314393199
71.720000000000	-5.9378351804509
71.740000000000	-5.9366819502170
71.760000000000	-5.9353677142096
71.780000000000	-5.9338885161129
71.800000000000	-5.9322404829032
71.820000000000	-5.9304198299428
71.840000000000	-5.9284228659584
71.860000000000	-5.9262459978904
71.880000000000	-5.9238857356034
71.900000000000	-5.9213386964444
71.920000000000	-5.9186016096400
71.940000000000	-5.9156713205206
71.960000000000	-5.9125447945628
71.980000000000	-5.9092191212384
72.000000000000	-5.9056915176636
