55.000000000000	-0.32665661050045
55.020000000000	-0.32591349864461
55.040000000000	-0.32517143448523
55.060000000000	-0.32443042070081
55.080000000000	-0.32369045997144
55.100000000000	-0.32295155497871
55.120000000000	-0.32221370840573
55.140000000000	-0.32147692293703
55.160000000000	-0.32074120125862
55.180000000000	-0.32000654605786
55.200000000000	-0.31927296002352
55.220000000000	-0.31854044584565
55.240000000000	-0.31780900621566
55.260000000000	-0.31707864382620
55.280000000000	-0.31634936137115
55.300000000000	-0.31562116154563
55.320000000000	-0.31489404704591
55.340000000000	-0.31416802056940
55.360000000000	-0.31344308481464
55.380000000000	-0.31271924248124
55.400000000000	-0.31199649626986
55.420000000000	-0.31127484888216
55.440000000000	-0.31055430302081
55.460000000000	-0.30983486138941
55.480000000000	-0.30911652669249
55.500000000000	-0.30839930163546
55.520000000000	-0.30768318892458
55.540000000000	-0.30696819126695
55.560000000000	-0.30625431137044
55.580000000000	-0.30554155194369
55.600000000000	-0.30482991569606
55.620000000000	-0.30411940533760
55.640000000000	-0.30341002357903
55.660000000000	-0.30270177313169
55.680000000000	-0.30199465670752
55.700000000000	-0.30128867701901
55.720000000000	-0.30058383677920
55.740000000000	-0.29988013870161
55.760000000000	-0.29917758550024
55.780000000000	-0.29847617988951
55.800000000000	-0.29777592458424
55.820000000000	-0.29707682229964
55.840000000000	-0.29637887575122
55.860000000000	-0.29568208765481
55.880000000000	-0.29498646072652
55.900000000000	-0.29429199768266
55.920000000000	-0.29359870123979
55.940000000000	-0.29290657411460
55.960000000000	-0.29221561902395
55.980000000000	-0.29152583868477
56.000000000000	-0.29083723581410
56.020000000000	-0.29014981312899
56.040000000000	-0.28946357334650
56.060000000000	-0.28877851918368
56.080000000000	-0.28809465335751
56.100000000000	-0.28741197858487
56.120000000000	-0.28673049758251
56.140000000000	-0.28605021306705
56.160000000000	-0.28537112775488
56.180000000000	-0.28469324436219
56.200000000000	-0.28401656560491
56.220000000000	-0.28334109419867
56.240000000000	-0.28266683285877
56.260000000000	-0.28199378430017
56.280000000000	-0.28132195123743
56.300000000000	-0.28065133638468
56.320000000000	-0.27998194245559
56.340000000000	-0.27931377216335
56.360000000000	-0.27864682822064
56.380000000000	-0.27798111333954
56.400000000000	-0.27731663023158
56.420000000000	-0.27665338160765
56.440000000000	-0.27599137017798
56.460000000000	-0.27533059865210
56.480000000000	-0.27467106973886
56.500000000000	-0.27401278614630
56.520000000000	-0.27335575058169
56.540000000000	-0.27269996575149
56.560000000000	-0.27204543436128
56.580000000000	-0.27139215911577
56.600000000000	-0.27074014271872
56.620000000000	-0.27008938787297
56.640000000000	-0.26943989728032
56.660000000000	-0.26879167364160
56.680000000000	-0.26814471965653
56.700000000000	-0.26749903802378
56.720000000000	-0.26685463144088
56.740000000000	-0.26621150260419
56.760000000000	-0.26556965420889
56.780000000000	-0.26492908894894
56.800000000000	-0.26428980951704
56.820000000000	-0.26365181860458
56.840000000000	-0.26301511890164
56.860000000000	-0.26237971309695
56.880000000000	-0.26174560387782
56.900000000000	-0.26111279393015
56.920000000000	-0.26048128593839
56.940000000000	-0.25985108258549
56.960000000000	-0.25922218655285
56.980000000000	-0.25859460052035
57.000000000000	-0.25796832716625
57.020000000000	-0.25734336916718
57.040000000000	-0.25671972919813
57.060000000000	-0.25609740993238
57.080000000000	-0.25547641404148
57.100000000000	-0.25485674419523
57.120000000000	-0.25423840306163
57.140000000000	-0.25362139330684
57.160000000000	-0.25300571759519
57.180000000000	-0.25239137858908
57.200000000000	-0.25177837894900
57.220000000000	-0.25116672133347
57.240000000000	-0.25055640839901
57.260000000000	-0.24994744280014
57.280000000000	-0.24933982718927
57.300000000000	-0.24873356421675
57.320000000000	-0.24812865653078
57.340000000000	-0.24752510677742
57.360000000000	-0.24692291760051
57.380000000000	-0.24632209164166
57.400000000000	-0.24572263154024
57.420000000000	-0.24512453993329
57.440000000000	-0.24452781945555
57.460000000000	-0.24393247273938
57.480000000000	-0.24333850241473
57.500000000000	-0.24274591110916
57.520000000000	-0.24215470144773
57.540000000000	-0.24156487605300
57.560000000000	-0.24097643754503
57.580000000000	-0.24038938854128
57.600000000000	-0.23980373165665
57.620000000000	-0.23921946950337
57.640000000000	-0.23863660469103
57.660000000000	-0.23805513982652
57.680000000000	-0.23747507751400
57.700000000000	-0.23689642035485
57.720000000000	-0.23631917094768
57.740000000000	-0.23574333188824
57.760000000000	-0.23516890576943
57.780000000000	-0.23459589518126
57.800000000000	-0.23402430271081
57.820000000000	-0.23345413094217
57.840000000000	-0.23288538245646
57.860000000000	-0.23231805983177
57.880000000000	-0.23175216564312
57.900000000000	-0.23118770246242
57.920000000000	-0.23062467285848
57.940000000000	-0.23006307939692
57.960000000000	-0.22950292464019
57.980000000000	-0.22894421114750
58.000000000000	-0.22838694147479
58.020000000000	-0.22783111817472
58.040000000000	-0.22727674379662
58.060000000000	-0.22672382088646
58.080000000000	-0.22617235198680
58.100000000000	-0.22562233963681
58.120000000000	-0.22507378637217
58.140000000000	-0.22452669472508
58.160000000000	-0.22398106722421
58.180000000000	-0.22343690639470
58.200000000000	-0.22289421475806
58.220000000000	-0.22235299483220
58.240000000000	-0.22181324913138
58.260000000000	-0.22127498016616
58.280000000000	-0.22073819044339
58.300000000000	-0.22020288246616
58.320000000000	-0.21966905873376
58.340000000000	-0.21913672174171
58.360000000000	-0.21860587398161
58.380000000000	-0.21807651794125
58.400000000000	-0.21754865610445
58.420000000000	-0.21702229095111
58.440000000000	-0.21649742495714
58.460000000000	-0.21597406059444
58.480000000000	-0.21545220033087
58.500000000000	-0.21493184663020
58.520000000000	-0.21441300195211
58.540000000000	-0.21389566875212
58.560000000000	-0.21337984948158
58.580000000000	-0.21286554658766
58.600000000000	-0.21235276251324
58.620000000000	-0.21184149969699
58.640000000000	-0.21133176057324
58.660000000000	-0.21082354757200
58.680000000000	-0.21031686311890
58.700000000000	-0.20981170963519
58.720000000000	-0.20930808953769
58.740000000000	-0.20880600523874
58.760000000000	-0.20830545914621
58.780000000000	-0.20780645366343
58.800000000000	-0.20730899118918
58.820000000000	-0.20681307411766
58.840000000000	-0.20631870483843
58.860000000000	-0.20582588573642
58.880000000000	-0.20533461919186
58.900000000000	-0.20484490758028
58.920000000000	-0.20435675327246
58.940000000000	-0.20387015863440
58.960000000000	-0.20338512602729
58.980000000000	-0.20290165780749
59.000000000000	-0.20241975632648
59.020000000000	-0.20193942393085
59.040000000000	-0.20146066296224
59.060000000000	-0.20098347575734
59.080000000000	-0.20050786464784
59.100000000000	-0.20003383196041
59.120000000000	-0.19956138001665
59.140000000000	-0.19909051113309
59.160000000000	-0.19862122762111
59.180000000000	-0.19815353178699
59.200000000000	-0.19768742593179
59.220000000000	-0.19722291235136
59.240000000000	-0.19675999333633
59.260000000000	-0.19629867117206
59.280000000000	-0.19583894813857
59.300000000000	-0.19538082651060
59.320000000000	-0.19492430855747
59.340000000000	-0.19446939654316
59.360000000000	-0.19401609272620
59.380000000000	-0.19356439935965
59.400000000000	-0.19311431869112
59.420000000000	-0.19266585296268
59.440000000000	-0.19221900441087
59.460000000000	-0.19177377526664
59.480000000000	-0.19133016775537
59.500000000000	-0.19088818409675
59.520000000000	-0.19044782650486
59.540000000000	-0.19000909718806
59.560000000000	-0.18957199834898
59.580000000000	-0.18913653218451
59.600000000000	-0.18870270088577
59.620000000000	-0.18827050663803
59.640000000000	-0.18783995162075
59.660000000000	-0.18741103800751
59.680000000000	-0.18698376796599
59.700000000000	-0.18655814365794
59.720000000000	-0.18613416723914
59.740000000000	-0.18571184085940
59.760000000000	-0.18529116666252
59.780000000000	-0.18487214678621
59.800000000000	-0.18445478336216
59.820000000000	-0.18403907851592
59.840000000000	-0.18362503436692
59.860000000000	-0.18321265302842
59.880000000000	-0.18280193660752
59.900000000000	-0.18239288720506
59.920000000000	-0.18198550691565
59.940000000000	-0.18157979782764
59.960000000000	-0.18117576202306
59.980000000000	-0.18077340157761
60.000000000000	-0.18037271856062
60.020000000000	-0.17997371503506
60.040000000000	-0.17957639305746
60.060000000000	-0.17918075467791
60.080000000000	-0.17878680194003
60.100000000000	-0.17839453688094
60.120000000000	-0.17800396153124
60.140000000000	-0.17761507791494
60.160000000000	-0.17722788804952
60.180000000000	-0.17684239394581
60.200000000000	-0.17645859760802
60.220000000000	-0.17607650103367
60.240000000000	-0.17569610621362
60.260000000000	-0.17531741513199
60.280000000000	-0.17494042976616
60.300000000000	-0.17456515208673
60.320000000000	-0.17419158405749
60.340000000000	-0.17381972763543
60.360000000000	-0.17344958477066
60.380000000000	-0.17308115740642
60.400000000000	-0.17271444747902
60.420000000000	-0.17234945691787
60.440000000000	-0.17198618764539
60.460000000000	-0.17162464157702
60.480000000000	-0.17126482062119
60.500000000000	-0.17090672667929
60.520000000000	-0.17055036164563
60.540000000000	-0.17019572740744
60.560000000000	-0.16984282584482
60.580000000000	-0.16949165883075
60.600000000000	-0.16914222823100
60.620000000000	-0.16879453590418
60.640000000000	-0.16844858370165
60.660000000000	-0.16810437346753
60.680000000000	-0.16776190703869
60.700000000000	-0.16742118624466
60.720000000000	-0.16708221290769
60.740000000000	-0.16674498884264
60.760000000000	-0.16640951585702
60.780000000000	-0.16607579575094
60.800000000000	-0.16574383031707
60.820000000000	-0.16541362134065
60.840000000000	-0.16508517059944
60.860000000000	-0.16475847986369
60.880000000000	-0.16443355089614
60.900000000000	-0.16411038545197
60.920000000000	-0.16378898527880
60.940000000000	-0.16346935211666
60.960000000000	-0.16315148769793
60.980000000000	-0.16283539374738
61.000000000000	-0.16252107198208
61.020000000000	-0.16220852411142
61.040000000000	-0.16189775183709
61.060000000000	-0.16158875685302
61.080000000000	-0.16128154084538
61.100000000000	-0.16097610549256
61.120000000000	-0.16067245246512
61.140000000000	-0.16037058342580
61.160000000000	-0.16007050002949
61.180000000000	-0.15977220392319
61.200000000000	-0.15947569674599
61.220000000000	-0.15918098012906
61.240000000000	-0.15888805569563
61.260000000000	-0.15859692506094
61.280000000000	-0.15830758983225
61.300000000000	-0.15802005160879
61.320000000000	-0.15773431198175
61.340000000000	-0.15745037253429
61.360000000000	-0.15716823484143
61.380000000000	-0.15688790047013
61.400000000000	-0.15660937097920
61.420000000000	-0.15633264791931
61.440000000000	-0.15605773283294
61.460000000000	-0.15578462725440
61.480000000000	-0.15551333270976
61.500000000000	-0.15524385071688
61.520000000000	-0.15497618278533
61.540000000000	-0.15471033041642
61.560000000000	-0.15444629510317
61.580000000000	-0.15418407833024
61.600000000000	-0.15392368157398
61.620000000000	-0.15366510630238
61.640000000000	-0.15340835397500
61.660000000000	-0.15315342604306
61.680000000000	-0.15290032394929
61.700000000000	-0.15264904912802
61.720000000000	-0.15239960300509
61.740000000000	-0.15215198699786
61.760000000000	-0.15190620251519
61.780000000000	-0.15166225095739
61.800000000000	-0.15142013371625
61.820000000000	-0.15117985217498
61.840000000000	-0.15094140770820
61.860000000000	-0.15070480168193
61.880000000000	-0.15047003545356
61.900000000000	-0.15023711037185
61.920000000000	-0.15000602777688
61.940000000000	-0.14977678900004
61.960000000000	-0.14954939536405
61.980000000000	-0.14932384818287
62.000000000000	-0.14910014876175
62.020000000000	-0.14887829839717
62.040000000000	-0.14865829837683
62.060000000000	-0.14844014997964
62.080000000000	-0.14822385447569
62.100000000000	-0.14800941312625
62.120000000000	-0.14779682718374
62.140000000000	-0.14758609789169
62.160000000000	-0.14737722648478
62.180000000000	-0.14717021418874
62.200000000000	-0.14696506222043
62.220000000000	-0.14676177178773
62.240000000000	-0.14656034408960
62.260000000000	-0.14636078031599
62.280000000000	-0.14616308164789
62.300000000000	-0.14596724925727
62.320000000000	-0.14577328430707
62.340000000000	-0.14558118795121
62.360000000000	-0.14539096133453
62.380000000000	-0.14520260559281
62.400000000000	-0.14501612185273
62.420000000000	-0.14483151123188
62.440000000000	-0.14464877483870
62.460000000000	-0.14446791377252
62.480000000000	-0.14428892912350
62.500000000000	-0.14411182197262
62.520000000000	-0.14393659339171
62.540000000000	-0.14376324444335
62.560000000000	-0.14359177618094
62.580000000000	-0.14342218964863
62.600000000000	-0.14325448588132
62.620000000000	-0.14308866590467
62.640000000000	-0.14292473073504
62.660000000000	-0.14276268137950
62.680000000000	-0.14260251883583
62.700000000000	-0.14244424409246
62.720000000000	-0.14228785812850
62.740000000000	-0.14213336191372
62.760000000000	-0.14198075640852
62.780000000000	-0.14183004256390
62.800000000000	-0.14168122132148
62.820000000000	-0.14153429361350
62.840000000000	-0.14138926036275
62.860000000000	-0.14124612248258
62.880000000000	-0.14110488087693
62.900000000000	-0.14096553644024
62.920000000000	-0.14082809005749
62.940000000000	-0.14069254260420
62.960000000000	-0.14055889494635
62.980000000000	-0.14042714794043
63.000000000000	-0.14029730243341
63.020000000000	-0.14016935926271
63.040000000000	-0.14004331925619
63.060000000000	-0.13991918323219
63.080000000000	-0.13979695199943
63.100000000000	-0.13967662635707
63.120000000000	-0.13955820709467
63.140000000000	-0.13944169499218
63.160000000000	-0.13932709081991
63.180000000000	-0.13921439533856
63.200000000000	-0.13910360929918
63.220000000000	-0.13899473344316
63.240000000000	-0.13888776850224
63.260000000000	-0.13878271519846
63.280000000000	-0.13867957424419
63.300000000000	-0.13857834634208
63.320000000000	-0.13847903218510
63.340000000000	-0.13838163245648
63.360000000000	-0.13828614782973
63.380000000000	-0.13819257896861
63.400000000000	-0.13810092652714
63.420000000000	-0.13801119114958
63.440000000000	-0.13792337347041
63.460000000000	-0.13783747411433
63.480000000000	-0.13775349369628
63.500000000000	-0.13767143282137
63.520000000000	-0.13759129208491
63.540000000000	-0.13751307207240
63.560000000000	-0.13743677335952
63.580000000000	-0.13736239651210
63.600000000000	-0.13728994208614
63.620000000000	-0.13721941062778
63.640000000000	-0.13715080267332
63.660000000000	-0.13708411874915
63.680000000000	-0.13701935937184
63.700000000000	-0.13695652504804
63.720000000000	-0.13689561627450
63.740000000000	-0.13683663353811
63.760000000000	-0.13677957731581
63.780000000000	-0.13672444807465
63.800000000000	-0.13667124627176
63.820000000000	-0.13661997235433
63.840000000000	-0.13657062675962
63.860000000000	-0.13652320991494
63.880000000000	-0.13647772223767
63.900000000000	-0.13643416413520
63.920000000000	-0.13639253600499
63.940000000000	-0.13635283823451
63.960000000000	-0.13631507120127
63.980000000000	-0.13627923527279
64.000000000000	-0.13624533080660
64.020000000000	-0.13621335815024
64.040000000000	-0.13618331764126
64.060000000000	-0.13615520960719
64.080000000000	-0.13612903436556
64.100000000000	-0.13610479222389
64.120000000000	-0.13608248347967
64.140000000000	-0.13606210842036
64.160000000000	-0.13604366732342
64.180000000000	-0.13602716045624
64.200000000000	-0.13601258807619
64.220000000000	-0.13599995043058
64.240000000000	-0.13598924775671
64.260000000000	-0.13598048028179
64.280000000000	-0.13597364822299
64.300000000000	-0.13596875178741
64.320000000000	-0.13596579117211
64.340000000000	-0.13596476656406
64.360000000000	-0.13596567814017
64.380000000000	-0.13596852606727
64.400000000000	-0.13597331050213
64.420000000000	-0.13598003159142
64.440000000000	-0.13598868947173
64.460000000000	-0.13599928426959
64.480000000000	-0.13601181610140
64.500000000000	-0.13602628507351
64.520000000000	-0.13604269128216
64.540000000000	-0.13606103481348
64.560000000000	-0.13608131574354
64.580000000000	-0.13610353413827
64.600000000000	-0.13612769005354
64.620000000000	-0.13615378353508
64.640000000000	-0.13618181461854
64.660000000000	-0.13621178332946
64.680000000000	-0.13624368968329
64.700000000000	-0.13627753368533
64.720000000000	-0.13631331533081
64.740000000000	-0.13635103460485
64.760000000000	-0.13639069148243
64.780000000000	-0.13643228592846
64.800000000000	-0.13647581789772
64.820000000000	-0.13652128733487
64.840000000000	-0.13656869417448
64.860000000000	-0.13661803834100
64.880000000000	-0.13666931974876
64.900000000000	-0.13672253830200
64.920000000000	-0.13677769389484
64.940000000000	-0.13683478641129
64.960000000000	-0.13689381572526
64.980000000000	-0.13695478170054
65.000000000000	-0.13701768419083
65.020000000000	-0.13708252303972
65.040000000000	-0.13714929808069
65.060000000000	-0.13721800913712
65.080000000000	-0.13728865602230
65.100000000000	-0.13736123853941
65.120000000000	-0.13743575648155
65.140000000000	-0.13751220963169
65.160000000000	-0.13759059776275
65.180000000000	-0.13767092063754
65.200000000000	-0.13775317800878
65.220000000000	-0.13783736961911
65.240000000000	-0.13792349520110
65.260000000000	-0.13801155447721
65.280000000000	-0.13810154715985
65.300000000000	-0.13819347295134
65.320000000000	-0.13828733154396
65.340000000000	-0.13838312261990
65.360000000000	-0.13848084585127
65.380000000000	-0.13858050090016
65.400000000000	-0.13868208741858
65.420000000000	-0.13878560504851
65.440000000000	-0.13889105342185
65.460000000000	-0.13899843216048
65.480000000000	-0.13910774087625
65.500000000000	-0.13921897917095
65.520000000000	-0.13933214663637
65.540000000000	-0.13944724285426
65.560000000000	-0.13956426739634
65.580000000000	-0.13968321982433
65.600000000000	-0.13980409968995
65.620000000000	-0.13992690653491
65.640000000000	-0.14005163989091
65.660000000000	-0.14017829927966
65.680000000000	-0.14030688421291
65.700000000000	-0.14043739419239
65.720000000000	-0.14056982870988
65.740000000000	-0.14070418724720
65.760000000000	-0.14084046927618
65.780000000000	-0.14097867425872
65.800000000000	-0.14111880164676
65.820000000000	-0.14126085088230
65.840000000000	-0.14140482139740
65.860000000000	-0.14155071261421
65.880000000000	-0.14169852394493
65.900000000000	-0.14184825479188
65.920000000000	-0.14199990454744
65.940000000000	-0.14215347259412
65.960000000000	-0.14230895830453
65.980000000000	-0.14246636104140
66.000000000000	-0.14262568015756
66.020000000000	-0.14278691499602
66.040000000000	-0.14295006488989
66.060000000000	-0.14311512916244
66.080000000000	-0.14328210712713
66.100000000000	-0.14345099808753
66.120000000000	-0.14362180133745
66.140000000000	-0.14379451616083
66.160000000000	-0.14396914183184
66.180000000000	-0.14414567761484
66.200000000000	-0.14432412276439
66.220000000000	-0.14450447652530
66.240000000000	-0.14468673813260
66.260000000000	-0.14487090681155
66.280000000000	-0.14505698177766
66.300000000000	-0.14524496223674
66.320000000000	-0.14543484738482
66.340000000000	-0.14562663640825
66.360000000000	-0.14582032848365
66.380000000000	-0.14601592277796
66.400000000000	-0.14621341844840
66.420000000000	-0.14641281464257
66.440000000000	-0.14661411049836
66.460000000000	-0.14681730514401
66.480000000000	-0.14702239769815
66.500000000000	-0.14722938726974
66.520000000000	-0.14743827295815
66.540000000000	-0.14764905385312
66.560000000000	-0.14786172903480
66.580000000000	-0.14807629757377
66.600000000000	-0.14829275853103
66.620000000000	-0.14851111095800
66.640000000000	-0.14873135389658
66.660000000000	-0.14895348637912
66.680000000000	-0.14917750742845
66.700000000000	-0.14940341605790
66.720000000000	-0.14963121127127
66.740000000000	-0.14986089206291
66.760000000000	-0.15009245741769
66.780000000000	-0.15032590631101
66.800000000000	-0.15056123770882
66.820000000000	-0.15079845056768
66.840000000000	-0.15103754383467
66.860000000000	-0.15127851644752
66.880000000000	-0.15152136733453
66.900000000000	-0.15176609541465
66.920000000000	-0.15201269959744
66.940000000000	-0.15226117878315
66.960000000000	-0.15251153186266
66.980000000000	-0.15276375771754
67.000000000000	-0.15301785522006
67.020000000000	-0.15327382323320
67.040000000000	-0.15353166061066
67.060000000000	-0.15379136619688
67.080000000000	-0.15405293882705
67.100000000000	-0.15431637732714
67.120000000000	-0.15458168051389
67.140000000000	-0.15484884719485
67.160000000000	-0.15511787616838
67.180000000000	-0.15538876622368
67.200000000000	-0.15566151614079
67.220000000000	-0.15593612469060
67.240000000000	-0.15621259063491
67.260000000000	-0.15649091272639
67.280000000000	-0.15677108970863
67.300000000000	-0.15705312031614
67.320000000000	-0.15733700327439
67.340000000000	-0.15762273729979
67.360000000000	-0.15791032109975
67.380000000000	-0.15819975337265
67.400000000000	-0.15849103280792
67.420000000000	-0.15878415808596
67.440000000000	-0.15907912787827
67.460000000000	-0.15937594084738
67.480000000000	-0.15967459564693
67.500000000000	-0.15997509092162
67.520000000000	-0.16027742530730
67.540000000000	-0.16058159743093
67.560000000000	-0.16088760591065
67.580000000000	-0.16119544935573
67.600000000000	-0.16150512636666
67.620000000000	-0.16181663553512
67.640000000000	-0.16212997544403
67.660000000000	-0.16244514466753
67.680000000000	-0.16276214177105
67.700000000000	-0.16308096531128
67.720000000000	-0.16340161383620
67.740000000000	-0.16372408588514
67.760000000000	-0.16404837998875
67.780000000000	-0.16437449466902
67.800000000000	-0.16470242843935
67.820000000000	-0.16503217980451
67.840000000000	-0.16536374726069
67.860000000000	-0.16569712929552
67.880000000000	-0.16603232438808
67.900000000000	-0.16636933100892
67.920000000000	-0.16670814762010
67.940000000000	-0.16704877267518
67.960000000000	-0.16739120461926
67.980000000000	-0.16773544188898
68.000000000000	-0.16808148291258
68.020000000000	-0.16842932610987
68.040000000000	-0.16877896989231
68.060000000000	-0.16913041266295
68.080000000000	-0.16948365281654
68.100000000000	-0.16983868873950
68.120000000000	-0.17019551880992
68.140000000000	-0.17055414139765
68.160000000000	-0.17091455486426
68.180000000000	-0.17127675756309
68.200000000000	-0.17164074783927
68.220000000000	-0.17200652402972
68.240000000000	-0.17237408446321
68.260000000000	-0.17274342746034
68.280000000000	-0.17311455133360
68.300000000000	-0.17348745438735
68.320000000000	-0.17386213491791
68.340000000000	-0.17423859121349
68.360000000000	-0.17461682155429
68.380000000000	-0.17499682421248
68.400000000000	-0.17537859745224
68.420000000000	-0.17576213952977
68.440000000000	-0.17614744869335
68.460000000000	-0.17653452318330
68.480000000000	-0.17692336123205
68.500000000000	-0.17731396106415
68.520000000000	-0.17770632089630
68.540000000000	-0.17810043893735
68.560000000000	-0.17849631338835
68.580000000000	-0.17889394244256
68.600000000000	-0.17929332428548
68.620000000000	-0.17969445709487
68.640000000000	-0.18009733904076
68.660000000000	-0.18050196828550
68.680000000000	-0.18090834298377
68.700000000000	-0.18131646128261
68.720000000000	-0.18172632132143
68.740000000000	-0.18213792123205
68.760000000000	-0.18255125913871
68.780000000000	-0.18296633315810
68.800000000000	-0.18338314139941
68.820000000000	-0.18380168196431
68.840000000000	-0.18422195294699
68.860000000000	-0.18464395243420
68.880000000000	-0.18506767850529
68.900000000000	-0.18549312923216
68.920000000000	-0.18592030267937
68.940000000000	-0.18634919690412
68.960000000000	-0.18677980995629
68.980000000000	-0.18721213987845
69.000000000000	-0.18764618470592
69.020000000000	-0.18808194246674
69.040000000000	-0.18851941118175
69.060000000000	-0.18895858886458
69.080000000000	-0.18939947352169
69.100000000000	-0.18984206315241
69.120000000000	-0.19028635574893
69.140000000000	-0.19073234929635
69.160000000000	-0.19118004177270
69.180000000000	-0.19162943114900
69.200000000000	-0.19208051538919
69.220000000000	-0.19253329245029
69.240000000000	-0.19298776028231
69.260000000000	-0.19344391682834
69.280000000000	-0.19390176002456
69.300000000000	-0.19436128780027
69.320000000000	-0.19482249807791
69.340000000000	-0.19528538877307
69.360000000000	-0.19574995779458
69.380000000000	-0.19621620304446
69.400000000000	-0.19668412241799
69.420000000000	-0.19715371380373
69.440000000000	-0.19762497508355
69.460000000000	-0.19809790413264
69.480000000000	-0.19857249881955
69.500000000000	-0.19904875700624
69.520000000000	-0.19952667654806
69.540000000000	-0.20000625529381
69.560000000000	-0.20048749108577
69.580000000000	-0.20097038175970
69.600000000000	-0.20145492514490
69.620000000000	-0.20194111906421
69.640000000000	-0.20242896133406
69.660000000000	-0.20291844976450
69.680000000000	-0.20340958215920
69.700000000000	-0.20390235631549
69.720000000000	-0.20439677002442
69.740000000000	-0.20489282107075
69.760000000000	-0.20539050723297
69.780000000000	-0.20588982628338
69.800000000000	-0.20639077598807
69.820000000000	-0.20689335410697
69.840000000000	-0.20739755839388
69.860000000000	-0.20790338659648
69.880000000000	-0.20841083645639
69.900000000000	-0.20891990570917
69.920000000000	-0.20943059208435
69.940000000000	-0.20994289330549
69.960000000000	-0.21045680709018
69.980000000000	-0.21097233115007
70.000000000000	-0.21148946319092
70.020000000000	-0.21200820091260
70.040000000000	-0.21252854200914
70.060000000000	-0.21305048416876
70.080000000000	-0.21357402507389
70.100000000000	-0.21409916240121
70.120000000000	-0.21462589382166
70.140000000000	-0.21515421700049
70.160000000000	-0.21568412959728
70.180000000000	-0.21621562926598
70.200000000000	-0.21674871365491
70.220000000000	-0.21728338040683
70.240000000000	-0.21781962715896
70.260000000000	-0.21835745154297
70.280000000000	-0.21889685118507
70.300000000000	-0.21943782370601
70.320000000000	-0.21998036672108
70.340000000000	-0.22052447784022
70.360000000000	-0.22107015466797
70.380000000000	-0.22161739480353
70.400000000000	-0.22216619584081
70.420000000000	-0.22271655536844
70.440000000000	-0.22326847096980
70.460000000000	-0.22382194022305
70.480000000000	-0.22437696070117
70.500000000000	-0.22493352997199
70.520000000000	-0.22549164559821
70.540000000000	-0.22605130513744
70.560000000000	-0.22661250614222
70.580000000000	-0.22717524616008
70.600000000000	-0.22773952273352
70.620000000000	-0.22830533340010
70.640000000000	-0.22887267569242
70.660000000000	-0.22944154713817
70.680000000000	-0.23001194526020
70.700000000000	-0.23058386757647
70.720000000000	-0.23115731160016
70.740000000000	-0.23173227483963
70.760000000000	-0.23230875479854
70.780000000000	-0.23288674897578
70.800000000000	-0.23346625486559
70.820000000000	-0.23404726995753
70.840000000000	-0.23462979173653
70.860000000000	-0.23521381768295
70.880000000000	-0.23579934527257
70.900000000000	-0.23638637197665
70.920000000000	-0.23697489526194
70.940000000000	-0.23756491259072
70.960000000000	-0.23815642142084
70.980000000000	-0.23874941920576
71.000000000000	-0.23934390339454
71.020000000000	-0.23993987143193
71.040000000000	-0.24053732075834
71.060000000000	-0.24113624880992
71.080000000000	-0.24173665301859
71.100000000000	-0.24233853081202
71.120000000000	-0.24294187961373
71.140000000000	-0.24354669684309
71.160000000000	-0.24415297991534
71.180000000000	-0.24476072624164
71.200000000000	-0.24536993322910
71.220000000000	-0.24598059828081
71.240000000000	-0.24659271879588
71.260000000000	-0.24720629216945
71.280000000000	-0.24782131579275
71.300000000000	-0.24843778705311
71.320000000000	-0.24905570333401
71.340000000000	-0.24967506201509
71.360000000000	-0.25029586047222
71.380000000000	-0.25091809607749
71.400000000000	-0.25154176619926
71.420000000000	-0.25216686820222
71.440000000000	-0.25279339944737
71.460000000000	-0.25342135729208
71.480000000000	-0.25405073909014
71.500000000000	-0.25468154219177
71.520000000000	-0.25531376394364
71.540000000000	-0.25594740168895
71.560000000000	-0.25658245276740
71.580000000000	-0.25721891451528
71.600000000000	-0.25785678426546
71.620000000000	-0.25849605934747
71.640000000000	-0.25913673708748
71.660000000000	-0.25977881480835
71.680000000000	-0.26042228982970
71.700000000000	-0.26106715946788
71.720000000000	-0.26171342103606
71.740000000000	-0.26236107184423
71.760000000000	-0.26301010919925
71.780000000000	-0.26366053040485
71.800000000000	-0.26431233276172
71.820000000000	-0.26496551356748
71.840000000000	-0.26562007011678
71.860000000000	-0.26627599970126
71.880000000000	-0.26693329960964
71.900000000000	-0.26759196712773
71.920000000000	-0.26825199953847
71.940000000000	-0.26891339412196
71.960000000000	-0.26957614815548
71.980000000000	-0.27024025891354
72.000000000000	-0.27090572366793
72.020000000000	-0.27157253968770
72.040000000000	-0.27224070423925
72.060000000000	-0.27291021458633
72.080000000000	-0.27358106799008
72.100000000000	-0.27425326170907
72.120000000000	-0.27492679299934
72.140000000000	-0.27560165911438
72.160000000000	-0.27627785730525
72.180000000000	-0.27695538482056
72.200000000000	-0.27763423890649
72.220000000000	-0.27831441680688
72.240000000000	-0.27899591576319
72.260000000000	-0.27967873301459
72.280000000000	-0.28036286579800
72.300000000000	-0.28104831134805
72.320000000000	-0.28173506689720
72.340000000000	-0.28242312967572
72.360000000000	-0.28311249691175
72.380000000000	-0.28380316583131
72.400000000000	-0.28449513365835
72.420000000000	-0.28518839761478
72.440000000000	-0.28588295492051
72.460000000000	-0.28657880279347
72.480000000000	-0.28727593844964
72.500000000000	-0.28797435910311
72.520000000000	-0.28867406196610
72.540000000000	-0.28937504424896
72.560000000000	-0.29007730316026
72.580000000000	-0.29078083590681
72.600000000000	-0.29148563969363
72.620000000000	-0.29219171172409
72.640000000000	-0.29289904919986
72.660000000000	-0.29360764932096
72.680000000000	-0.29431750928583
72.700000000000	-0.29502862629133
72.720000000000	-0.29574099753276
72.740000000000	-0.29645462020396
72.760000000000	-0.29716949149725
72.780000000000	-0.29788560860355
72.800000000000	-0.29860296871234
72.820000000000	-0.29932156901176
72.840000000000	-0.30004140668861
72.860000000000	-0.30076247892835
72.880000000000	-0.30148478291521
72.900000000000	-0.30220831583217
72.920000000000	-0.30293307486100
72.940000000000	-0.30365905718230
72.960000000000	-0.30438625997555
72.980000000000	-0.30511468041909
73.000000000000	-0.30584431569023
73.020000000000	-0.30657516296522
73.040000000000	-0.30730721941932
73.060000000000	-0.30804048222680
73.080000000000	-0.30877494856101
73.100000000000	-0.30951061559440
73.120000000000	-0.31024748049854
73.140000000000	-0.31098554044416
73.160000000000	-0.31172479260120
73.180000000000	-0.31246523413881
73.200000000000	-0.31320686222544
73.220000000000	-0.31394967402881
73.240000000000	-0.31469366671595
73.260000000000	-0.31543883745331
73.280000000000	-0.31618518340668
73.300000000000	-0.31693270174132
73.320000000000	-0.31768138962193
73.340000000000	-0.31843124421272
73.360000000000	-0.31918226267741
73.380000000000	-0.31993444217932
73.400000000000	-0.32068777988132
73.420000000000	-0.32144227294595
73.440000000000	-0.32219791853539
73.460000000000	-0.32295471381152
73.480000000000	-0.32371265593594
73.500000000000	-0.32447174207004
73.520000000000	-0.32523196937497
73.540000000000	-0.32599333501173
73.560000000000	-0.32675583614118
73.580000000000	-0.32751946992406
73.600000000000	-0.32828423352105
73.620000000000	-0.32905012409279
73.640000000000	-0.32981713879991
73.660000000000	-0.33058527480306
73.680000000000	-0.33135452926296
73.700000000000	-0.33212489934041
73.720000000000	-0.33289638219635
73.740000000000	-0.33366897499186
73.760000000000	-0.33444267488822
73.780000000000	-0.33521747904695
73.800000000000	-0.33599338462978
73.820000000000	-0.33677038879878
73.840000000000	-0.33754848871631
73.860000000000	-0.33832768154510
73.880000000000	-0.33910796444825
73.900000000000	-0.33988933458930
73.920000000000	-0.34067178913222
73.940000000000	-0.34145532524150
73.960000000000	-0.34223994008210
73.980000000000	-0.34302563081957
74.000000000000	-0.34381239462003
74.020000000000	-0.34460022865020
74.040000000000	-0.34538913007747
74.060000000000	-0.34617909606991
74.080000000000	-0.34697012379627
74.100000000000	-0.34776221042608
74.120000000000	-0.34855535312964
74.140000000000	-0.34934954907805
74.160000000000	-0.35014479544326
74.180000000000	-0.35094108939809
74.200000000000	-0.35173842811627
74.220000000000	-0.35253680877246
74.240000000000	-0.35333622854230
74.260000000000	-0.35413668460243
74.280000000000	-0.35493817413054
74.300000000000	-0.35574069430534
74.320000000000	-0.35654424230670
74.340000000000	-0.35734881531558
74.360000000000	-0.35815441051412
74.380000000000	-0.35896102508565
74.400000000000	-0.35976865621473
74.420000000000	-0.36057730108717
74.440000000000	-0.36138695689009
74.460000000000	-0.36219762081191
74.480000000000	-0.36300929004241
74.500000000000	-0.36382196177278
74.520000000000	-0.36463563319559
74.540000000000	-0.36545030150489
74.560000000000	-0.36626596389619
74.580000000000	-0.36708261756652
74.600000000000	-0.36790025971447
74.620000000000	-0.36871888754018
74.640000000000	-0.36953849824540
74.660000000000	-0.37035908903354
74.680000000000	-0.37118065710967
74.700000000000	-0.37200319968054
74.720000000000	-0.37282671395466
74.740000000000	-0.37365119714230
74.760000000000	-0.37447664645551
74.780000000000	-0.37530305910818
74.800000000000	-0.37613043231605
74.820000000000	-0.37695876329675
74.840000000000	-0.37778804926983
74.860000000000	-0.37861828745679
74.880000000000	-0.37944947508111
74.900000000000	-0.38028160936829
74.920000000000	-0.38111468754587
74.940000000000	-0.38194870684345
74.960000000000	-0.38278366449275
74.980000000000	-0.38361955772763
75.000000000000	-0.38445638378410